"1"	"2"	"3"	"4"	"5"	"6"	"7"	"8"	"9"	"10"
"130"	0.64	0.192361111111111	0.238177128116939	0.312641083521445	0.454844006568144	0.0130120481927711	0.0131835937500001	0.0133597229094507	0.0135406218655967	0.0137264870360956
"131"	0.64	0.192361111111111	0.238177128116939	0.312641083521445	0.454844006568144	0.0130120481927711	0.0131835937500001	0.0133597229094507	0.0135406218655967	0.0137264870360956
"132"	0.64	0.192361111111111	0.238177128116939	0.312641083521445	0.454844006568144	0.0130120481927711	0.0131835937500001	0.0133597229094507	0.0135406218655967	0.0137264870360956
"133"	0.64	0.192361111111111	0.238177128116939	0.312641083521445	0.454844006568144	0.0130120481927711	0.0131835937500001	0.0133597229094507	0.0135406218655967	0.0137264870360956
"134"	0.64	0.192361111111111	0.238177128116939	0.312641083521445	0.454844006568144	0.0130120481927711	0.0131835937500001	0.0133597229094507	0.0135406218655967	0.0137264870360956
"135"	0.64	0.172083333333333	0.20785103170609	0.262388818297332	0.3557278208441	0.0616755793226382	0.0657294832826748	0.0703538023586824	0.0756780402449694	0.0818741126360625
"136"	0.64	0.172083333333333	0.20785103170609	0.262388818297332	0.3557278208441	0.0616755793226382	0.0657294832826748	0.0703538023586824	0.0756780402449694	0.0818741126360625
"137"	0.64	0.172083333333333	0.20785103170609	0.262388818297332	0.3557278208441	0.0616755793226382	0.0657294832826748	0.0703538023586824	0.0756780402449694	0.0818741126360625
"138"	0.64	0.172083333333333	0.20785103170609	0.262388818297332	0.3557278208441	0.0616755793226382	0.0657294832826748	0.0703538023586824	0.0756780402449694	0.0818741126360625
"139"	0.64	0.172083333333333	0.20785103170609	0.262388818297332	0.3557278208441	0.0616755793226382	0.0657294832826748	0.0703538023586824	0.0756780402449694	0.0818741126360625
"140"	0.64	0.172083333333333	0.20785103170609	0.262388818297332	0.3557278208441	0.0616755793226382	0.0657294832826748	0.0703538023586824	0.0756780402449694	0.0818741126360625
"141"	0.64	0.172083333333333	0.20785103170609	0.262388818297332	0.3557278208441	0.0616755793226382	0.0657294832826748	0.0703538023586824	0.0756780402449694	0.0818741126360625
"142"	0.64	0.172083333333333	0.20785103170609	0.262388818297332	0.3557278208441	0.0616755793226382	0.0657294832826748	0.0703538023586824	0.0756780402449694	0.0818741126360625
"143"	0.64	0.172083333333333	0.20785103170609	0.262388818297332	0.3557278208441	0.0616755793226382	0.0657294832826748	0.0703538023586824	0.0756780402449694	0.0818741126360625
"144"	0.64	0.172083333333333	0.20785103170609	0.262388818297332	0.3557278208441	0.0616755793226382	0.0657294832826748	0.0703538023586824	0.0756780402449694	0.0818741126360625
"145"	0.627	0.194369973190349	0.24126455906822	0.317982456140351	0.466237942122186	0.0130120481927711	0.0131835937500001	0.0133597229094507	0.0135406218655967	0.0137264870360956
"146"	0.627	0.194369973190349	0.24126455906822	0.317982456140351	0.466237942122186	0.0130120481927711	0.0131835937500001	0.0133597229094507	0.0135406218655967	0.0137264870360956
"147"	0.627	0.194369973190349	0.24126455906822	0.317982456140351	0.466237942122186	0.0130120481927711	0.0131835937500001	0.0133597229094507	0.0135406218655967	0.0137264870360956
"148"	0.627	0.194369973190349	0.24126455906822	0.317982456140351	0.466237942122186	0.0130120481927711	0.0131835937500001	0.0133597229094507	0.0135406218655967	0.0137264870360956
"149"	0.627	0.194369973190349	0.24126455906822	0.317982456140351	0.466237942122186	0.0130120481927711	0.0131835937500001	0.0133597229094507	0.0135406218655967	0.0137264870360956
"150"	0.627	0.194369973190349	0.24126455906822	0.317982456140351	0.466237942122186	0.0130120481927711	0.0131835937500001	0.0133597229094507	0.0135406218655967	0.0137264870360956
"151"	0.627	0.194369973190349	0.24126455906822	0.317982456140351	0.466237942122186	0.0130120481927711	0.0131835937500001	0.0133597229094507	0.0135406218655967	0.0137264870360956
"152"	0.627	0.194369973190349	0.24126455906822	0.317982456140351	0.466237942122186	0.0130120481927711	0.0131835937500001	0.0133597229094507	0.0135406218655967	0.0137264870360956
"153"	0.627	0.194369973190349	0.24126455906822	0.317982456140351	0.466237942122186	0.0130120481927711	0.0131835937500001	0.0133597229094507	0.0135406218655967	0.0137264870360956
"154"	0.627	0.194369973190349	0.24126455906822	0.317982456140351	0.466237942122186	0.0130120481927711	0.0131835937500001	0.0133597229094507	0.0135406218655967	0.0137264870360956
"155"	0.613	0.196382428940569	0.244372990353698	0.323404255319149	0.477987421383648	0.0130120481927711	0.0131835937500001	0.0133597229094507	0.0135406218655967	0.0137264870360956
"156"	0.613	0.196382428940569	0.244372990353698	0.323404255319149	0.477987421383648	0.0130120481927711	0.0131835937500001	0.0133597229094507	0.0135406218655967	0.0137264870360956
"157"	0.613	0.196382428940569	0.244372990353698	0.323404255319149	0.477987421383648	0.0130120481927711	0.0131835937500001	0.0133597229094507	0.0135406218655967	0.0137264870360956
"158"	0.613	0.196382428940569	0.244372990353698	0.323404255319149	0.477987421383648	0.0130120481927711	0.0131835937500001	0.0133597229094507	0.0135406218655967	0.0137264870360956
"159"	0.613	0.196382428940569	0.244372990353698	0.323404255319149	0.477987421383648	0.0130120481927711	0.0131835937500001	0.0133597229094507	0.0135406218655967	0.0137264870360956
"160"	0.613	0.196382428940569	0.244372990353698	0.323404255319149	0.477987421383648	0.0130120481927711	0.0131835937500001	0.0133597229094507	0.0135406218655967	0.0137264870360956
"161"	0.613	0.196382428940569	0.244372990353698	0.323404255319149	0.477987421383648	0.0130120481927711	0.0131835937500001	0.0133597229094507	0.0135406218655967	0.0137264870360956
"162"	0.613	0.196382428940569	0.244372990353698	0.323404255319149	0.477987421383648	0.0130120481927711	0.0131835937500001	0.0133597229094507	0.0135406218655967	0.0137264870360956
"163"	0.613	0.196382428940569	0.244372990353698	0.323404255319149	0.477987421383648	0.0130120481927711	0.0131835937500001	0.0133597229094507	0.0135406218655967	0.0137264870360956
"164"	0.613	0.196382428940569	0.244372990353698	0.323404255319149	0.477987421383648	0.0130120481927711	0.0131835937500001	0.0133597229094507	0.0135406218655967	0.0137264870360956
"165"	0.652	0.190373563218391	0.235137533274179	0.307424593967517	0.443886097152429	0.0130120481927711	0.0131835937500001	0.0133597229094507	0.0135406218655967	0.0137264870360956
"166"	0.652	0.190373563218391	0.235137533274179	0.307424593967517	0.443886097152429	0.0130120481927711	0.0131835937500001	0.0133597229094507	0.0135406218655967	0.0137264870360956
"167"	0.652	0.190373563218391	0.235137533274179	0.307424593967517	0.443886097152429	0.0130120481927711	0.0131835937500001	0.0133597229094507	0.0135406218655967	0.0137264870360956
"168"	0.652	0.190373563218391	0.235137533274179	0.307424593967517	0.443886097152429	0.0130120481927711	0.0131835937500001	0.0133597229094507	0.0135406218655967	0.0137264870360956
"169"	0.652	0.190373563218391	0.235137533274179	0.307424593967517	0.443886097152429	0.0130120481927711	0.0131835937500001	0.0133597229094507	0.0135406218655967	0.0137264870360956
"170"	0.652	0.190373563218391	0.235137533274179	0.307424593967517	0.443886097152429	0.0130120481927711	0.0131835937500001	0.0133597229094507	0.0135406218655967	0.0137264870360956
"171"	0.652	0.190373563218391	0.235137533274179	0.307424593967517	0.443886097152429	0.0130120481927711	0.0131835937500001	0.0133597229094507	0.0135406218655967	0.0137264870360956
"172"	0.652	0.190373563218391	0.235137533274179	0.307424593967517	0.443886097152429	0.0130120481927711	0.0131835937500001	0.0133597229094507	0.0135406218655967	0.0137264870360956
"173"	0.652	0.190373563218391	0.235137533274179	0.307424593967517	0.443886097152429	0.0130120481927711	0.0131835937500001	0.0133597229094507	0.0135406218655967	0.0137264870360956
"174"	0.652	0.190373563218391	0.235137533274179	0.307424593967517	0.443886097152429	0.0130120481927711	0.0131835937500001	0.0133597229094507	0.0135406218655967	0.0137264870360956
"175"	0.801	0.14572864321608	0.170588235294118	0.205673758865248	0.258928571428571	0.0130120481927711	0.0131835937500001	0.0133597229094507	0.0135406218655967	0.0137264870360956
"176"	0.801	0.14572864321608	0.170588235294118	0.205673758865248	0.258928571428571	0.0130120481927711	0.0131835937500001	0.0133597229094507	0.0135406218655967	0.0137264870360956
"177"	0.801	0.14572864321608	0.170588235294118	0.205673758865248	0.258928571428571	0.0130120481927711	0.0131835937500001	0.0133597229094507	0.0135406218655967	0.0137264870360956
"178"	0.801	0.14572864321608	0.170588235294118	0.205673758865248	0.258928571428571	0.0130120481927711	0.0131835937500001	0.0133597229094507	0.0135406218655967	0.0137264870360956
"179"	0.801	0.14572864321608	0.170588235294118	0.205673758865248	0.258928571428571	0.0130120481927711	0.0131835937500001	0.0133597229094507	0.0135406218655967	0.0137264870360956
"180"	0.801	0.14572864321608	0.170588235294118	0.205673758865248	0.258928571428571	0.0130120481927711	0.0131835937500001	0.0133597229094507	0.0135406218655967	0.0137264870360956
"181"	0.801	0.14572864321608	0.170588235294118	0.205673758865248	0.258928571428571	0.0130120481927711	0.0131835937500001	0.0133597229094507	0.0135406218655967	0.0137264870360956
"182"	0.801	0.14572864321608	0.170588235294118	0.205673758865248	0.258928571428571	0.0130120481927711	0.0131835937500001	0.0133597229094507	0.0135406218655967	0.0137264870360956
"183"	0.801	0.14572864321608	0.170588235294118	0.205673758865248	0.258928571428571	0.0130120481927711	0.0131835937500001	0.0133597229094507	0.0135406218655967	0.0137264870360956
"184"	0.801	0.14572864321608	0.170588235294118	0.205673758865248	0.258928571428571	0.0130120481927711	0.0131835937500001	0.0133597229094507	0.0135406218655967	0.0137264870360956
"185"	0.801	0.14572864321608	0.170588235294118	0.205673758865248	0.258928571428571	0.0130120481927711	0.0131835937500001	0.0133597229094507	0.0135406218655967	0.0137264870360956
"186"	0.801	0.14572864321608	0.170588235294118	0.205673758865248	0.258928571428571	0.0130120481927711	0.0131835937500001	0.0133597229094507	0.0135406218655967	0.0137264870360956
"187"	0.801	0.14572864321608	0.170588235294118	0.205673758865248	0.258928571428571	0.0130120481927711	0.0131835937500001	0.0133597229094507	0.0135406218655967	0.0137264870360956
"188"	0.801	0.14572864321608	0.170588235294118	0.205673758865248	0.258928571428571	0.0130120481927711	0.0131835937500001	0.0133597229094507	0.0135406218655967	0.0137264870360956
"189"	0.801	0.14572864321608	0.170588235294118	0.205673758865248	0.258928571428571	0.0130120481927711	0.0131835937500001	0.0133597229094507	0.0135406218655967	0.0137264870360956
"190"	0.801	0.14572864321608	0.170588235294118	0.205673758865248	0.258928571428571	0.0130120481927711	0.0131835937500001	0.0133597229094507	0.0135406218655967	0.0137264870360956
"191"	0.801	0.14572864321608	0.170588235294118	0.205673758865248	0.258928571428571	0.0130120481927711	0.0131835937500001	0.0133597229094507	0.0135406218655967	0.0137264870360956
"192"	0.801	0.14572864321608	0.170588235294118	0.205673758865248	0.258928571428571	0.0130120481927711	0.0131835937500001	0.0133597229094507	0.0135406218655967	0.0137264870360956
"193"	0.801	0.14572864321608	0.170588235294118	0.205673758865248	0.258928571428571	0.0130120481927711	0.0131835937500001	0.0133597229094507	0.0135406218655967	0.0137264870360956
"194"	0.801	0.14572864321608	0.170588235294118	0.205673758865248	0.258928571428571	0.0130120481927711	0.0131835937500001	0.0133597229094507	0.0135406218655967	0.0137264870360956
"195"	0.801	0.14572864321608	0.170588235294118	0.205673758865248	0.258928571428571	0.0130120481927711	0.0131835937500001	0.0133597229094507	0.0135406218655967	0.0137264870360956
"196"	0.801	0.14572864321608	0.170588235294118	0.205673758865248	0.258928571428571	0.0130120481927711	0.0131835937500001	0.0133597229094507	0.0135406218655967	0.0137264870360956
"197"	0.801	0.14572864321608	0.170588235294118	0.205673758865248	0.258928571428571	0.0130120481927711	0.0131835937500001	0.0133597229094507	0.0135406218655967	0.0137264870360956
"198"	0.801	0.14572864321608	0.170588235294118	0.205673758865248	0.258928571428571	0.0130120481927711	0.0131835937500001	0.0133597229094507	0.0135406218655967	0.0137264870360956
"199"	0.801	0.14572864321608	0.170588235294118	0.205673758865248	0.258928571428571	0.0130120481927711	0.0131835937500001	0.0133597229094507	0.0135406218655967	0.0137264870360956
"1100"	0.801	0.14572864321608	0.170588235294118	0.205673758865248	0.258928571428571	0.0130120481927711	0.0131835937500001	0.0133597229094507	0.0135406218655967	0.0137264870360956
"030"	0.1952	0.090022365805169	0.0989281081450125	0.109789362024549	0.123329645076177	0.0325436893203884	0.0336384071933205	0.0348093378748858	0.0360647271475296	0.0374140548263238
"031"	0.1952	0.090022365805169	0.0989281081450125	0.109789362024549	0.123329645076177	0.0325436893203884	0.0336384071933205	0.0348093378748858	0.0360647271475296	0.0374140548263238
"032"	0.1952	0.090022365805169	0.0989281081450125	0.109789362024549	0.123329645076177	0.0325436893203884	0.0336384071933205	0.0348093378748858	0.0360647271475296	0.0374140548263238
"033"	0.1952	0.090022365805169	0.0989281081450125	0.109789362024549	0.123329645076177	0.0325436893203884	0.0336384071933205	0.0348093378748858	0.0360647271475296	0.0374140548263238
"034"	0.1952	0.090022365805169	0.0989281081450125	0.109789362024549	0.123329645076177	0.0325436893203884	0.0336384071933205	0.0348093378748858	0.0360647271475296	0.0374140548263238
"035"	0.1952	0.0944333996023858	0.104281009879253	0.116421568627451	0.131761442441054	0.0253194888178914	0.025977218716709	0.0266700319703852	0.0274008125162071	0.0281727692854604
"036"	0.1952	0.0944333996023858	0.104281009879253	0.116421568627451	0.131761442441054	0.0253194888178914	0.025977218716709	0.0266700319703852	0.0274008125162071	0.0281727692854604
"037"	0.1952	0.0944333996023858	0.104281009879253	0.116421568627451	0.131761442441054	0.0253194888178914	0.025977218716709	0.0266700319703852	0.0274008125162071	0.0281727692854604
"038"	0.1952	0.0944333996023858	0.104281009879253	0.116421568627451	0.131761442441054	0.0253194888178914	0.025977218716709	0.0266700319703852	0.0274008125162071	0.0281727692854604
"039"	0.1952	0.0944333996023858	0.104281009879253	0.116421568627451	0.131761442441054	0.0253194888178914	0.025977218716709	0.0266700319703852	0.0274008125162071	0.0281727692854604
"040"	0.1952	0.0944333996023858	0.104281009879253	0.116421568627451	0.131761442441054	0.0253194888178914	0.025977218716709	0.0266700319703852	0.0274008125162071	0.0281727692854604
"041"	0.1952	0.0944333996023858	0.104281009879253	0.116421568627451	0.131761442441054	0.0253194888178914	0.025977218716709	0.0266700319703852	0.0274008125162071	0.0281727692854604
"042"	0.1952	0.0944333996023858	0.104281009879253	0.116421568627451	0.131761442441054	0.0253194888178914	0.025977218716709	0.0266700319703852	0.0274008125162071	0.0281727692854604
"043"	0.1952	0.0944333996023858	0.104281009879253	0.116421568627451	0.131761442441054	0.0253194888178914	0.025977218716709	0.0266700319703852	0.0274008125162071	0.0281727692854604
"044"	0.1952	0.0944333996023858	0.104281009879253	0.116421568627451	0.131761442441054	0.0253194888178914	0.025977218716709	0.0266700319703852	0.0274008125162071	0.0281727692854604
"045"	0.166	0.0977517985611511	0.108342469849497	0.121506818689917	0.138312762437969	0.025280567040756	0.0259362501514968	0.0266268508149808	0.027355234564745	0.0281245893021422
"046"	0.166	0.0977517985611511	0.108342469849497	0.121506818689917	0.138312762437969	0.025280567040756	0.0259362501514968	0.0266268508149808	0.027355234564745	0.0281245893021422
"047"	0.166	0.0977517985611511	0.108342469849497	0.121506818689917	0.138312762437969	0.025280567040756	0.0259362501514968	0.0266268508149808	0.027355234564745	0.0281245893021422
"048"	0.166	0.0977517985611511	0.108342469849497	0.121506818689917	0.138312762437969	0.025280567040756	0.0259362501514968	0.0266268508149808	0.027355234564745	0.0281245893021422
"049"	0.166	0.0977517985611511	0.108342469849497	0.121506818689917	0.138312762437969	0.025280567040756	0.0259362501514968	0.0266268508149808	0.027355234564745	0.0281245893021422
"050"	0.166	0.0977517985611511	0.108342469849497	0.121506818689917	0.138312762437969	0.025280567040756	0.0259362501514968	0.0266268508149808	0.027355234564745	0.0281245893021422
"051"	0.166	0.0977517985611511	0.108342469849497	0.121506818689917	0.138312762437969	0.025280567040756	0.0259362501514968	0.0266268508149808	0.027355234564745	0.0281245893021422
"052"	0.166	0.0977517985611511	0.108342469849497	0.121506818689917	0.138312762437969	0.025280567040756	0.0259362501514968	0.0266268508149808	0.027355234564745	0.0281245893021422
"053"	0.166	0.0977517985611511	0.108342469849497	0.121506818689917	0.138312762437969	0.025280567040756	0.0259362501514968	0.0266268508149808	0.027355234564745	0.0281245893021422
"054"	0.166	0.0977517985611511	0.108342469849497	0.121506818689917	0.138312762437969	0.025280567040756	0.0259362501514968	0.0266268508149808	0.027355234564745	0.0281245893021422
"055"	0.218	0.0853580562659846	0.0933240125830131	0.102929838087895	0.114740008594757	0.0278058252427185	0.0286011025005991	0.0294432107903611	0.0303364121684602	0.0312855020536573
"056"	0.218	0.0853580562659846	0.0933240125830131	0.102929838087895	0.114740008594757	0.0278058252427185	0.0286011025005991	0.0294432107903611	0.0303364121684602	0.0312855020536573
"057"	0.218	0.0853580562659846	0.0933240125830131	0.102929838087895	0.114740008594757	0.0278058252427185	0.0286011025005991	0.0294432107903611	0.0303364121684602	0.0312855020536573
"058"	0.218	0.0853580562659846	0.0933240125830131	0.102929838087895	0.114740008594757	0.0278058252427185	0.0286011025005991	0.0294432107903611	0.0303364121684602	0.0312855020536573
"059"	0.218	0.0853580562659846	0.0933240125830131	0.102929838087895	0.114740008594757	0.0278058252427185	0.0286011025005991	0.0294432107903611	0.0303364121684602	0.0312855020536573
"060"	0.218	0.0853580562659846	0.0933240125830131	0.102929838087895	0.114740008594757	0.0278058252427185	0.0286011025005991	0.0294432107903611	0.0303364121684602	0.0312855020536573
"061"	0.218	0.0853580562659846	0.0933240125830131	0.102929838087895	0.114740008594757	0.0278058252427185	0.0286011025005991	0.0294432107903611	0.0303364121684602	0.0312855020536573
"062"	0.218	0.0853580562659846	0.0933240125830131	0.102929838087895	0.114740008594757	0.0278058252427185	0.0286011025005991	0.0294432107903611	0.0303364121684602	0.0312855020536573
"063"	0.218	0.0853580562659846	0.0933240125830131	0.102929838087895	0.114740008594757	0.0278058252427185	0.0286011025005991	0.0294432107903611	0.0303364121684602	0.0312855020536573
"064"	0.218	0.0853580562659846	0.0933240125830131	0.102929838087895	0.114740008594757	0.0278058252427185	0.0286011025005991	0.0294432107903611	0.0303364121684602	0.0312855020536573
"065"	0.245	0.0794701986754967	0.0863309352517986	0.094488188976378	0.104347826086957	0.0936699029126213	0.103350758419745	0.115263308802447	0.130279788268337	0.149795056514719
"066"	0.245	0.0794701986754967	0.0863309352517986	0.094488188976378	0.104347826086957	0.0936699029126213	0.103350758419745	0.115263308802447	0.130279788268337	0.149795056514719
"067"	0.245	0.0794701986754967	0.0863309352517986	0.094488188976378	0.104347826086957	0.0936699029126213	0.103350758419745	0.115263308802447	0.130279788268337	0.149795056514719
"068"	0.245	0.0794701986754967	0.0863309352517986	0.094488188976378	0.104347826086957	0.0936699029126213	0.103350758419745	0.115263308802447	0.130279788268337	0.149795056514719
"069"	0.245	0.0794701986754967	0.0863309352517986	0.094488188976378	0.104347826086957	0.0936699029126213	0.103350758419745	0.115263308802447	0.130279788268337	0.149795056514719
"070"	0.245	0.0794701986754967	0.0863309352517986	0.094488188976378	0.104347826086957	0.0936699029126213	0.103350758419745	0.115263308802447	0.130279788268337	0.149795056514719
"071"	0.245	0.0794701986754967	0.0863309352517986	0.094488188976378	0.104347826086957	0.0936699029126213	0.103350758419745	0.115263308802447	0.130279788268337	0.149795056514719
"072"	0.245	0.0794701986754967	0.0863309352517986	0.094488188976378	0.104347826086957	0.0936699029126213	0.103350758419745	0.115263308802447	0.130279788268337	0.149795056514719
"073"	0.245	0.0794701986754967	0.0863309352517986	0.094488188976378	0.104347826086957	0.0936699029126213	0.103350758419745	0.115263308802447	0.130279788268337	0.149795056514719
"074"	0.245	0.0794701986754967	0.0863309352517986	0.094488188976378	0.104347826086957	0.0936699029126213	0.103350758419745	0.115263308802447	0.130279788268337	0.149795056514719
"075"	0.402	0.0493311036789298	0.051890941072999	0.0547309833024118	0.0578999018645732	0.0859166666666667	0.0939921597228554	0.103743207888911	0.115751656000898	0.130904012188928
"076"	0.402	0.0493311036789298	0.051890941072999	0.0547309833024118	0.0578999018645732	0.0859166666666667	0.0939921597228554	0.103743207888911	0.115751656000898	0.130904012188928
"077"	0.402	0.0493311036789298	0.051890941072999	0.0547309833024118	0.0578999018645732	0.0859166666666667	0.0939921597228554	0.103743207888911	0.115751656000898	0.130904012188928
"078"	0.402	0.0493311036789298	0.051890941072999	0.0547309833024118	0.0578999018645732	0.0859166666666667	0.0939921597228554	0.103743207888911	0.115751656000898	0.130904012188928
"079"	0.402	0.0493311036789298	0.051890941072999	0.0547309833024118	0.0578999018645732	0.0859166666666667	0.0939921597228554	0.103743207888911	0.115751656000898	0.130904012188928
"080"	0.402	0.0493311036789298	0.051890941072999	0.0547309833024118	0.0578999018645732	0.0859166666666667	0.0939921597228554	0.103743207888911	0.115751656000898	0.130904012188928
"081"	0.402	0.0493311036789298	0.051890941072999	0.0547309833024118	0.0578999018645732	0.0859166666666667	0.0939921597228554	0.103743207888911	0.115751656000898	0.130904012188928
"082"	0.402	0.0493311036789298	0.051890941072999	0.0547309833024118	0.0578999018645732	0.0859166666666667	0.0939921597228554	0.103743207888911	0.115751656000898	0.130904012188928
"083"	0.402	0.0493311036789298	0.051890941072999	0.0547309833024118	0.0578999018645732	0.0859166666666667	0.0939921597228554	0.103743207888911	0.115751656000898	0.130904012188928
"084"	0.402	0.0493311036789298	0.051890941072999	0.0547309833024118	0.0578999018645732	0.0859166666666667	0.0939921597228554	0.103743207888911	0.115751656000898	0.130904012188928
"085"	0.402	0.0493311036789298	0.051890941072999	0.0547309833024118	0.0578999018645732	0.0859166666666667	0.0939921597228554	0.103743207888911	0.115751656000898	0.130904012188928
"086"	0.402	0.0493311036789298	0.051890941072999	0.0547309833024118	0.0578999018645732	0.0859166666666667	0.0939921597228554	0.103743207888911	0.115751656000898	0.130904012188928
"087"	0.402	0.0493311036789298	0.051890941072999	0.0547309833024118	0.0578999018645732	0.0859166666666667	0.0939921597228554	0.103743207888911	0.115751656000898	0.130904012188928
"088"	0.402	0.0493311036789298	0.051890941072999	0.0547309833024118	0.0578999018645732	0.0859166666666667	0.0939921597228554	0.103743207888911	0.115751656000898	0.130904012188928
"089"	0.402	0.0493311036789298	0.051890941072999	0.0547309833024118	0.0578999018645732	0.0859166666666667	0.0939921597228554	0.103743207888911	0.115751656000898	0.130904012188928
"090"	0.402	0.0493311036789298	0.051890941072999	0.0547309833024118	0.0578999018645732	0.0859166666666667	0.0939921597228554	0.103743207888911	0.115751656000898	0.130904012188928
"091"	0.402	0.0493311036789298	0.051890941072999	0.0547309833024118	0.0578999018645732	0.0859166666666667	0.0939921597228554	0.103743207888911	0.115751656000898	0.130904012188928
"092"	0.402	0.0493311036789298	0.051890941072999	0.0547309833024118	0.0578999018645732	0.0859166666666667	0.0939921597228554	0.103743207888911	0.115751656000898	0.130904012188928
"093"	0.402	0.0493311036789298	0.051890941072999	0.0547309833024118	0.0578999018645732	0.0859166666666667	0.0939921597228554	0.103743207888911	0.115751656000898	0.130904012188928
"094"	0.402	0.0493311036789298	0.051890941072999	0.0547309833024118	0.0578999018645732	0.0859166666666667	0.0939921597228554	0.103743207888911	0.115751656000898	0.130904012188928
"095"	0.402	0.0493311036789298	0.051890941072999	0.0547309833024118	0.0578999018645732	0.0859166666666667	0.0939921597228554	0.103743207888911	0.115751656000898	0.130904012188928
"096"	0.402	0.0493311036789298	0.051890941072999	0.0547309833024118	0.0578999018645732	0.0859166666666667	0.0939921597228554	0.103743207888911	0.115751656000898	0.130904012188928
"097"	0.402	0.0493311036789298	0.051890941072999	0.0547309833024118	0.0578999018645732	0.0859166666666667	0.0939921597228554	0.103743207888911	0.115751656000898	0.130904012188928
"098"	0.402	0.0493311036789298	0.051890941072999	0.0547309833024118	0.0578999018645732	0.0859166666666667	0.0939921597228554	0.103743207888911	0.115751656000898	0.130904012188928
"099"	0.402	0.0493311036789298	0.051890941072999	0.0547309833024118	0.0578999018645732	0.0859166666666667	0.0939921597228554	0.103743207888911	0.115751656000898	0.130904012188928
"0100"	0.402	0.0493311036789298	0.051890941072999	0.0547309833024118	0.0578999018645732	0.0859166666666667	0.0939921597228554	0.103743207888911	0.115751656000898	0.130904012188928
