"1"	"2"	"3"	"4"	"5"	"6"	"7"	"8"	"9"	"10"
"30"	0.077	0.0288732394366198	0.0297316896301667	0.030642750373692	0.0316114109483424	0.0131063204311611	0.0132803773116546	0.0134591194968553	0.0136427387479282	0.013831437435367
"31"	0.077	0.0288732394366198	0.0297316896301667	0.030642750373692	0.0316114109483424	0.0131063204311611	0.0132803773116546	0.0134591194968553	0.0136427387479282	0.013831437435367
"32"	0.077	0.0288732394366198	0.0297316896301667	0.030642750373692	0.0316114109483424	0.0131063204311611	0.0132803773116546	0.0134591194968553	0.0136427387479282	0.013831437435367
"33"	0.077	0.0288732394366198	0.0297316896301667	0.030642750373692	0.0316114109483424	0.0131063204311611	0.0132803773116546	0.0134591194968553	0.0136427387479282	0.013831437435367
"34"	0.077	0.0288732394366198	0.0297316896301667	0.030642750373692	0.0316114109483424	0.0131063204311611	0.0132803773116546	0.0134591194968553	0.0136427387479282	0.013831437435367
"35"	0.077	0.0288732394366198	0.0297316896301667	0.030642750373692	0.0316114109483424	0.0131063204311611	0.0132803773116546	0.0134591194968553	0.0136427387479282	0.013831437435367
"36"	0.077	0.0288732394366198	0.0297316896301667	0.030642750373692	0.0316114109483424	0.0131063204311611	0.0132803773116546	0.0134591194968553	0.0136427387479282	0.013831437435367
"37"	0.077	0.0288732394366198	0.0297316896301667	0.030642750373692	0.0316114109483424	0.0131063204311611	0.0132803773116546	0.0134591194968553	0.0136427387479282	0.013831437435367
"38"	0.077	0.0288732394366198	0.0297316896301667	0.030642750373692	0.0316114109483424	0.0131063204311611	0.0132803773116546	0.0134591194968553	0.0136427387479282	0.013831437435367
"39"	0.077	0.0288732394366198	0.0297316896301667	0.030642750373692	0.0316114109483424	0.0131063204311611	0.0132803773116546	0.0134591194968553	0.0136427387479282	0.013831437435367
"40"	0.077	0.0288732394366198	0.0297316896301667	0.030642750373692	0.0316114109483424	0.0131063204311611	0.0132803773116546	0.0134591194968553	0.0136427387479282	0.013831437435367
"41"	0.077	0.0288732394366198	0.0297316896301667	0.030642750373692	0.0316114109483424	0.0131063204311611	0.0132803773116546	0.0134591194968553	0.0136427387479282	0.013831437435367
"42"	0.077	0.0288732394366198	0.0297316896301667	0.030642750373692	0.0316114109483424	0.0131063204311611	0.0132803773116546	0.0134591194968553	0.0136427387479282	0.013831437435367
"43"	0.077	0.0288732394366198	0.0297316896301667	0.030642750373692	0.0316114109483424	0.0131063204311611	0.0132803773116546	0.0134591194968553	0.0136427387479282	0.013831437435367
"44"	0.077	0.0288732394366198	0.0297316896301667	0.030642750373692	0.0316114109483424	0.0131063204311611	0.0132803773116546	0.0134591194968553	0.0136427387479282	0.013831437435367
"45"	0.0240000000000001	0.0288934426229508	0.0297531124709855	0.0306655067420618	0.0316356293470944	0.0130676552363299	0.0132406798760447	0.01341834792539	0.0136008488473039	0.0137883825542734
"46"	0.0240000000000001	0.0288934426229508	0.0297531124709855	0.0306655067420618	0.0316356293470944	0.0130676552363299	0.0132406798760447	0.01341834792539	0.0136008488473039	0.0137883825542734
"47"	0.0240000000000001	0.0288934426229508	0.0297531124709855	0.0306655067420618	0.0316356293470944	0.0130676552363299	0.0132406798760447	0.01341834792539	0.0136008488473039	0.0137883825542734
"48"	0.0240000000000001	0.0288934426229508	0.0297531124709855	0.0306655067420618	0.0316356293470944	0.0130676552363299	0.0132406798760447	0.01341834792539	0.0136008488473039	0.0137883825542734
"49"	0.0240000000000001	0.0288934426229508	0.0297531124709855	0.0306655067420618	0.0316356293470944	0.0130676552363299	0.0132406798760447	0.01341834792539	0.0136008488473039	0.0137883825542734
"50"	0.0240000000000001	0.0288934426229508	0.0297531124709855	0.0306655067420618	0.0316356293470944	0.0130676552363299	0.0132406798760447	0.01341834792539	0.0136008488473039	0.0137883825542734
"51"	0.0240000000000001	0.0288934426229508	0.0297531124709855	0.0306655067420618	0.0316356293470944	0.0130676552363299	0.0132406798760447	0.01341834792539	0.0136008488473039	0.0137883825542734
"52"	0.0240000000000001	0.0288934426229508	0.0297531124709855	0.0306655067420618	0.0316356293470944	0.0130676552363299	0.0132406798760447	0.01341834792539	0.0136008488473039	0.0137883825542734
"53"	0.0240000000000001	0.0288934426229508	0.0297531124709855	0.0306655067420618	0.0316356293470944	0.0130676552363299	0.0132406798760447	0.01341834792539	0.0136008488473039	0.0137883825542734
"54"	0.0240000000000001	0.0288934426229508	0.0297531124709855	0.0306655067420618	0.0316356293470944	0.0130676552363299	0.0132406798760447	0.01341834792539	0.0136008488473039	0.0137883825542734
"55"	0.022	0.0288854805725972	0.0297446696499078	0.0306565382528486	0.03162608452281	0.0130867052023122	0.0132602380283009	0.0134384348734508	0.0136214863303811	0.0138095935197385
"56"	0.022	0.0288854805725972	0.0297446696499078	0.0306565382528486	0.03162608452281	0.0130867052023122	0.0132602380283009	0.0134384348734508	0.0136214863303811	0.0138095935197385
"57"	0.022	0.0288854805725972	0.0297446696499078	0.0306565382528486	0.03162608452281	0.0130867052023122	0.0132602380283009	0.0134384348734508	0.0136214863303811	0.0138095935197385
"58"	0.022	0.0288854805725972	0.0297446696499078	0.0306565382528486	0.03162608452281	0.0130867052023122	0.0132602380283009	0.0134384348734508	0.0136214863303811	0.0138095935197385
"59"	0.022	0.0288854805725972	0.0297446696499078	0.0306565382528486	0.03162608452281	0.0130867052023122	0.0132602380283009	0.0134384348734508	0.0136214863303811	0.0138095935197385
"60"	0.022	0.0288854805725972	0.0297446696499078	0.0306565382528486	0.03162608452281	0.0130867052023122	0.0132602380283009	0.0134384348734508	0.0136214863303811	0.0138095935197385
"61"	0.022	0.0288854805725972	0.0297446696499078	0.0306565382528486	0.03162608452281	0.0130867052023122	0.0132602380283009	0.0134384348734508	0.0136214863303811	0.0138095935197385
"62"	0.022	0.0288854805725972	0.0297446696499078	0.0306565382528486	0.03162608452281	0.0130867052023122	0.0132602380283009	0.0134384348734508	0.0136214863303811	0.0138095935197385
"63"	0.022	0.0288854805725972	0.0297446696499078	0.0306565382528486	0.03162608452281	0.0130867052023122	0.0132602380283009	0.0134384348734508	0.0136214863303811	0.0138095935197385
"64"	0.022	0.0288854805725972	0.0297446696499078	0.0306565382528486	0.03162608452281	0.0130867052023122	0.0132602380283009	0.0134384348734508	0.0136214863303811	0.0138095935197385
"65"	0.053	0.0361668426610348	0.0375239660367024	0.0389869095048378	0.0405685519692034	0.0130864197530864	0.0132599449587191	0.0134381338742392	0.013621177075302	0.0138092756644086
"66"	0.053	0.0361668426610348	0.0375239660367024	0.0389869095048378	0.0405685519692034	0.0130864197530864	0.0132599449587191	0.0134381338742392	0.013621177075302	0.0138092756644086
"67"	0.053	0.0361668426610348	0.0375239660367024	0.0389869095048378	0.0405685519692034	0.0130864197530864	0.0132599449587191	0.0134381338742392	0.013621177075302	0.0138092756644086
"68"	0.053	0.0361668426610348	0.0375239660367024	0.0389869095048378	0.0405685519692034	0.0130864197530864	0.0132599449587191	0.0134381338742392	0.013621177075302	0.0138092756644086
"69"	0.053	0.0361668426610348	0.0375239660367024	0.0389869095048378	0.0405685519692034	0.0130864197530864	0.0132599449587191	0.0134381338742392	0.013621177075302	0.0138092756644086
"70"	0.053	0.0361668426610348	0.0375239660367024	0.0389869095048378	0.0405685519692034	0.0130864197530864	0.0132599449587191	0.0134381338742392	0.013621177075302	0.0138092756644086
"71"	0.053	0.0361668426610348	0.0375239660367024	0.0389869095048378	0.0405685519692034	0.0130864197530864	0.0132599449587191	0.0134381338742392	0.013621177075302	0.0138092756644086
"72"	0.053	0.0361668426610348	0.0375239660367024	0.0389869095048378	0.0405685519692034	0.0130864197530864	0.0132599449587191	0.0134381338742392	0.013621177075302	0.0138092756644086
"73"	0.053	0.0361668426610348	0.0375239660367024	0.0389869095048378	0.0405685519692034	0.0130864197530864	0.0132599449587191	0.0134381338742392	0.013621177075302	0.0138092756644086
"74"	0.053	0.0361668426610348	0.0375239660367024	0.0389869095048378	0.0405685519692034	0.0130864197530864	0.0132599449587191	0.0134381338742392	0.013621177075302	0.0138092756644086
"75"	0.135	0.0546242774566473	0.0577804952613881	0.0613238157040884	0.0653301071552021	0.0130769230769231	0.0132501948558067	0.0134281200631912	0.0136108887109688	0.0137987012987012
"76"	0.135	0.0546242774566473	0.0577804952613881	0.0613238157040884	0.0653301071552021	0.0130769230769231	0.0132501948558067	0.0134281200631912	0.0136108887109688	0.0137987012987012
"77"	0.135	0.0546242774566473	0.0577804952613881	0.0613238157040884	0.0653301071552021	0.0130769230769231	0.0132501948558067	0.0134281200631912	0.0136108887109688	0.0137987012987012
"78"	0.135	0.0546242774566473	0.0577804952613881	0.0613238157040884	0.0653301071552021	0.0130769230769231	0.0132501948558067	0.0134281200631912	0.0136108887109688	0.0137987012987012
"79"	0.135	0.0546242774566473	0.0577804952613881	0.0613238157040884	0.0653301071552021	0.0130769230769231	0.0132501948558067	0.0134281200631912	0.0136108887109688	0.0137987012987012
"80"	0.135	0.0546242774566473	0.0577804952613881	0.0613238157040884	0.0653301071552021	0.0130769230769231	0.0132501948558067	0.0134281200631912	0.0136108887109688	0.0137987012987012
"81"	0.135	0.0546242774566473	0.0577804952613881	0.0613238157040884	0.0653301071552021	0.0130769230769231	0.0132501948558067	0.0134281200631912	0.0136108887109688	0.0137987012987012
"82"	0.135	0.0546242774566473	0.0577804952613881	0.0613238157040884	0.0653301071552021	0.0130769230769231	0.0132501948558067	0.0134281200631912	0.0136108887109688	0.0137987012987012
"83"	0.135	0.0546242774566473	0.0577804952613881	0.0613238157040884	0.0653301071552021	0.0130769230769231	0.0132501948558067	0.0134281200631912	0.0136108887109688	0.0137987012987012
"84"	0.135	0.0546242774566473	0.0577804952613881	0.0613238157040884	0.0653301071552021	0.0130769230769231	0.0132501948558067	0.0134281200631912	0.0136108887109688	0.0137987012987012
"85"	0.135	0.0546242774566473	0.0577804952613881	0.0613238157040884	0.0653301071552021	0.0130769230769231	0.0132501948558067	0.0134281200631912	0.0136108887109688	0.0137987012987012
"86"	0.135	0.0546242774566473	0.0577804952613881	0.0613238157040884	0.0653301071552021	0.0130769230769231	0.0132501948558067	0.0134281200631912	0.0136108887109688	0.0137987012987012
"87"	0.135	0.0546242774566473	0.0577804952613881	0.0613238157040884	0.0653301071552021	0.0130769230769231	0.0132501948558067	0.0134281200631912	0.0136108887109688	0.0137987012987012
"88"	0.135	0.0546242774566473	0.0577804952613881	0.0613238157040884	0.0653301071552021	0.0130769230769231	0.0132501948558067	0.0134281200631912	0.0136108887109688	0.0137987012987012
"89"	0.135	0.0546242774566473	0.0577804952613881	0.0613238157040884	0.0653301071552021	0.0130769230769231	0.0132501948558067	0.0134281200631912	0.0136108887109688	0.0137987012987012
"90"	0.135	0.0546242774566473	0.0577804952613881	0.0613238157040884	0.0653301071552021	0.0130769230769231	0.0132501948558067	0.0134281200631912	0.0136108887109688	0.0137987012987012
"91"	0.135	0.0546242774566473	0.0577804952613881	0.0613238157040884	0.0653301071552021	0.0130769230769231	0.0132501948558067	0.0134281200631912	0.0136108887109688	0.0137987012987012
"92"	0.135	0.0546242774566473	0.0577804952613881	0.0613238157040884	0.0653301071552021	0.0130769230769231	0.0132501948558067	0.0134281200631912	0.0136108887109688	0.0137987012987012
"93"	0.135	0.0546242774566473	0.0577804952613881	0.0613238157040884	0.0653301071552021	0.0130769230769231	0.0132501948558067	0.0134281200631912	0.0136108887109688	0.0137987012987012
"94"	0.135	0.0546242774566473	0.0577804952613881	0.0613238157040884	0.0653301071552021	0.0130769230769231	0.0132501948558067	0.0134281200631912	0.0136108887109688	0.0137987012987012
"95"	0.135	0.0546242774566473	0.0577804952613881	0.0613238157040884	0.0653301071552021	0.0130769230769231	0.0132501948558067	0.0134281200631912	0.0136108887109688	0.0137987012987012
"96"	0.135	0.0546242774566473	0.0577804952613881	0.0613238157040884	0.0653301071552021	0.0130769230769231	0.0132501948558067	0.0134281200631912	0.0136108887109688	0.0137987012987012
"97"	0.135	0.0546242774566473	0.0577804952613881	0.0613238157040884	0.0653301071552021	0.0130769230769231	0.0132501948558067	0.0134281200631912	0.0136108887109688	0.0137987012987012
"98"	0.135	0.0546242774566473	0.0577804952613881	0.0613238157040884	0.0653301071552021	0.0130769230769231	0.0132501948558067	0.0134281200631912	0.0136108887109688	0.0137987012987012
"99"	0.135	0.0546242774566473	0.0577804952613881	0.0613238157040884	0.0653301071552021	0.0130769230769231	0.0132501948558067	0.0134281200631912	0.0136108887109688	0.0137987012987012
"100"	0.135	0.0546242774566473	0.0577804952613881	0.0613238157040884	0.0653301071552021	0.0130769230769231	0.0132501948558067	0.0134281200631912	0.0136108887109688	0.0137987012987012
