1	2	3	4	5	6	7	8	9	10				1	2	3	4	5	6	7	8	9	10
1	NA	NA	NA	NA	NA	NA	NA	NA	NA	NA		1										
2	NA	NA	NA	NA	NA	NA	NA	NA	NA	NA		2										
3	NA	NA	NA	NA	NA	NA	NA	NA	NA	NA		3										
4	NA	NA	NA	NA	NA	NA	NA	NA	NA	NA		4										
5	NA	NA	NA	NA	NA	NA	NA	NA	NA	NA		5										
6	NA	NA	NA	NA	NA	NA	NA	NA	NA	NA		6										
7	NA	NA	NA	NA	NA	NA	NA	NA	NA	NA		7										
8	NA	NA	NA	NA	NA	NA	NA	NA	NA	NA		8										
9	NA	NA	NA	NA	NA	NA	NA	NA	NA	NA		9										
10	NA	NA	NA	NA	NA	NA	NA	NA	NA	NA		10										
11	NA	NA	NA	NA	NA	NA	NA	NA	NA	NA		11										
12	NA	NA	NA	NA	NA	NA	NA	NA	NA	NA		12										
13	NA	NA	NA	NA	NA	NA	NA	NA	NA	NA		13										
14	NA	NA	NA	NA	NA	NA	NA	NA	NA	NA		14										
15	NA	NA	NA	NA	NA	NA	NA	NA	NA	NA		15										
16	NA	NA	NA	NA	NA	NA	NA	NA	NA	NA		16										
17	NA	NA	NA	NA	NA	NA	NA	NA	NA	NA		17										
18	NA	NA	NA	NA	NA	NA	NA	NA	NA	NA		18										
19	NA	NA	NA	NA	NA	NA	NA	NA	NA	NA		19										
20	NA	NA	NA	NA	NA	NA	NA	NA	NA	NA		20										
21	NA	NA	NA	NA	NA	NA	NA	NA	NA	NA		21										
22	NA	NA	NA	NA	NA	NA	NA	NA	NA	NA		22										
23	NA	NA	NA	NA	NA	NA	NA	NA	NA	NA		23										
24	NA	NA	NA	NA	NA	NA	NA	NA	NA	NA		24										
25	92.3	90.85	89.4	87.95	86.5	84.458	82.416	80.374	78.332	76.29		25	0.077	0.015709642	0.015960374	0.016219239	0.01648664	0.023606936	0.024177698	0.024776742	0.025406226	0.026068529
26	92.3	90.85	89.4	87.95	86.5	84.458	82.416	80.374	78.332	76.29		26	0.077	0.015709642	0.015960374	0.016219239	0.01648664	0.023606936	0.024177698	0.024776742	0.025406226	0.026068529
27	92.3	90.85	89.4	87.95	86.5	84.458	82.416	80.374	78.332	76.29		27	0.077	0.015709642	0.015960374	0.016219239	0.01648664	0.023606936	0.024177698	0.024776742	0.025406226	0.026068529
28	92.3	90.85	89.4	87.95	86.5	84.458	82.416	80.374	78.332	76.29		28	0.077	0.015709642	0.015960374	0.016219239	0.01648664	0.023606936	0.024177698	0.024776742	0.025406226	0.026068529
29	92.3	90.85	89.4	87.95	86.5	84.458	82.416	80.374	78.332	76.29		29	0.077	0.015709642	0.015960374	0.016219239	0.01648664	0.023606936	0.024177698	0.024776742	0.025406226	0.026068529
30	92.3	90.85	89.4	87.95	86.5	84.458	82.416	80.374	78.332	76.29		30	0.077	0.015709642	0.015960374	0.016219239	0.01648664	0.023606936	0.024177698	0.024776742	0.025406226	0.026068529
31	92.3	90.85	89.4	87.95	86.5	84.458	82.416	80.374	78.332	76.29		31	0.077	0.015709642	0.015960374	0.016219239	0.01648664	0.023606936	0.024177698	0.024776742	0.025406226	0.026068529
32	92.3	90.85	89.4	87.95	86.5	84.458	82.416	80.374	78.332	76.29		32	0.077	0.015709642	0.015960374	0.016219239	0.01648664	0.023606936	0.024177698	0.024776742	0.025406226	0.026068529
33	92.3	90.85	89.4	87.95	86.5	84.458	82.416	80.374	78.332	76.29		33	0.077	0.015709642	0.015960374	0.016219239	0.01648664	0.023606936	0.024177698	0.024776742	0.025406226	0.026068529
34	92.3	90.85	89.4	87.95	86.5	84.458	82.416	80.374	78.332	76.29		34	0.077	0.015709642	0.015960374	0.016219239	0.01648664	0.023606936	0.024177698	0.024776742	0.025406226	0.026068529
35	92.3	89.635	86.97	84.305	81.64	80.57	79.5	78.43	77.36	76.29		35	0.077	0.028873239	0.02973169	0.03064275	0.031611411	0.01310632	0.013280377	0.013459119	0.013642739	0.013831437
36	92.3	89.635	86.97	84.305	81.64	80.57	79.5	78.43	77.36	76.29		36	0.077	0.028873239	0.02973169	0.03064275	0.031611411	0.01310632	0.013280377	0.013459119	0.013642739	0.013831437
37	92.3	89.635	86.97	84.305	81.64	80.57	79.5	78.43	77.36	76.29		37	0.077	0.028873239	0.02973169	0.03064275	0.031611411	0.01310632	0.013280377	0.013459119	0.013642739	0.013831437
38	92.3	89.635	86.97	84.305	81.64	80.57	79.5	78.43	77.36	76.29		38	0.077	0.028873239	0.02973169	0.03064275	0.031611411	0.01310632	0.013280377	0.013459119	0.013642739	0.013831437
39	92.3	89.635	86.97	84.305	81.64	80.57	79.5	78.43	77.36	76.29		39	0.077	0.028873239	0.02973169	0.03064275	0.031611411	0.01310632	0.013280377	0.013459119	0.013642739	0.013831437
40	92.3	89.635	86.97	84.305	81.64	80.57	79.5	78.43	77.36	76.29		40	0.077	0.028873239	0.02973169	0.03064275	0.031611411	0.01310632	0.013280377	0.013459119	0.013642739	0.013831437
41	92.3	89.635	86.97	84.305	81.64	80.57	79.5	78.43	77.36	76.29		41	0.077	0.028873239	0.02973169	0.03064275	0.031611411	0.01310632	0.013280377	0.013459119	0.013642739	0.013831437
42	92.3	89.635	86.97	84.305	81.64	80.57	79.5	78.43	77.36	76.29		42	0.077	0.028873239	0.02973169	0.03064275	0.031611411	0.01310632	0.013280377	0.013459119	0.013642739	0.013831437
43	92.3	89.635	86.97	84.305	81.64	80.57	79.5	78.43	77.36	76.29		43	0.077	0.028873239	0.02973169	0.03064275	0.031611411	0.01310632	0.013280377	0.013459119	0.013642739	0.013831437
44	92.3	89.635	86.97	84.305	81.64	80.57	79.5	78.43	77.36	76.29		44	0.077	0.028873239	0.02973169	0.03064275	0.031611411	0.01310632	0.013280377	0.013459119	0.013642739	0.013831437
45	97.6	94.825	92.05	89.275	86.5	85.336	84.172	83.008	81.844	80.68		45	0.024	0.028432377	0.029264434	0.030146659	0.03108373	0.013456647	0.013640199	0.013828827	0.014022745	0.014222179
46	97.6	94.825	92.05	89.275	86.5	85.336	84.172	83.008	81.844	80.68		46	0.024	0.028432377	0.029264434	0.030146659	0.03108373	0.013456647	0.013640199	0.013828827	0.014022745	0.014222179
47	97.6	94.825	92.05	89.275	86.5	85.336	84.172	83.008	81.844	80.68		47	0.024	0.028432377	0.029264434	0.030146659	0.03108373	0.013456647	0.013640199	0.013828827	0.014022745	0.014222179
48	97.6	94.825	92.05	89.275	86.5	85.336	84.172	83.008	81.844	80.68		48	0.024	0.028432377	0.029264434	0.030146659	0.03108373	0.013456647	0.013640199	0.013828827	0.014022745	0.014222179
49	97.6	94.825	92.05	89.275	86.5	85.336	84.172	83.008	81.844	80.68		49	0.024	0.028432377	0.029264434	0.030146659	0.03108373	0.013456647	0.013640199	0.013828827	0.014022745	0.014222179
50	97.6	94.825	92.05	89.275	86.5	85.336	84.172	83.008	81.844	80.68		50	0.024	0.028432377	0.029264434	0.030146659	0.03108373	0.013456647	0.013640199	0.013828827	0.014022745	0.014222179
51	97.6	94.825	92.05	89.275	86.5	85.336	84.172	83.008	81.844	80.68		51	0.024	0.028432377	0.029264434	0.030146659	0.03108373	0.013456647	0.013640199	0.013828827	0.014022745	0.014222179
52	97.6	94.825	92.05	89.275	86.5	85.336	84.172	83.008	81.844	80.68		52	0.024	0.028432377	0.029264434	0.030146659	0.03108373	0.013456647	0.013640199	0.013828827	0.014022745	0.014222179
53	97.6	94.825	92.05	89.275	86.5	85.336	84.172	83.008	81.844	80.68		53	0.024	0.028432377	0.029264434	0.030146659	0.03108373	0.013456647	0.013640199	0.013828827	0.014022745	0.014222179
54	97.6	94.825	92.05	89.275	86.5	85.336	84.172	83.008	81.844	80.68		54	0.024	0.028432377	0.029264434	0.030146659	0.03108373	0.013456647	0.013640199	0.013828827	0.014022745	0.014222179
55	97.8	94.975	92.15	89.325	86.5	85.368	84.236	83.104	81.972	80.84		55	0.022	0.028885481	0.02974467	0.030656538	0.031626085	0.013086705	0.013260238	0.013438435	0.013621486	0.013809594
56	97.8	94.975	92.15	89.325	86.5	85.368	84.236	83.104	81.972	80.84		56	0.022	0.028885481	0.02974467	0.030656538	0.031626085	0.013086705	0.013260238	0.013438435	0.013621486	0.013809594
57	97.8	94.975	92.15	89.325	86.5	85.368	84.236	83.104	81.972	80.84		57	0.022	0.028885481	0.02974467	0.030656538	0.031626085	0.013086705	0.013260238	0.013438435	0.013621486	0.013809594
58	97.8	94.975	92.15	89.325	86.5	85.368	84.236	83.104	81.972	80.84		58	0.022	0.028885481	0.02974467	0.030656538	0.031626085	0.013086705	0.013260238	0.013438435	0.013621486	0.013809594
59	97.8	94.975	92.15	89.325	86.5	85.368	84.236	83.104	81.972	80.84		59	0.022	0.028885481	0.02974467	0.030656538	0.031626085	0.013086705	0.013260238	0.013438435	0.013621486	0.013809594
60	97.8	94.975	92.15	89.325	86.5	85.368	84.236	83.104	81.972	80.84		60	0.022	0.028885481	0.02974467	0.030656538	0.031626085	0.013086705	0.013260238	0.013438435	0.013621486	0.013809594
61	97.8	94.975	92.15	89.325	86.5	85.368	84.236	83.104	81.972	80.84		61	0.022	0.028885481	0.02974467	0.030656538	0.031626085	0.013086705	0.013260238	0.013438435	0.013621486	0.013809594
62	97.8	94.975	92.15	89.325	86.5	85.368	84.236	83.104	81.972	80.84		62	0.022	0.028885481	0.02974467	0.030656538	0.031626085	0.013086705	0.013260238	0.013438435	0.013621486	0.013809594
63	97.8	94.975	92.15	89.325	86.5	85.368	84.236	83.104	81.972	80.84		63	0.022	0.028885481	0.02974467	0.030656538	0.031626085	0.013086705	0.013260238	0.013438435	0.013621486	0.013809594
64	97.8	94.975	92.15	89.325	86.5	85.368	84.236	83.104	81.972	80.84		64	0.022	0.028885481	0.02974467	0.030656538	0.031626085	0.013086705	0.013260238	0.013438435	0.013621486	0.013809594
65	94.7	91.275	87.85	84.425	81	79.94	78.88	77.82	76.76	75.7		65	0.053	0.036166843	0.037523966	0.03898691	0.040568552	0.01308642	0.013259945	0.013438134	0.013621177	0.013809276
66	94.7	91.275	87.85	84.425	81	79.94	78.88	77.82	76.76	75.7		66	0.053	0.036166843	0.037523966	0.03898691	0.040568552	0.01308642	0.013259945	0.013438134	0.013621177	0.013809276
67	94.7	91.275	87.85	84.425	81	79.94	78.88	77.82	76.76	75.7		67	0.053	0.036166843	0.037523966	0.03898691	0.040568552	0.01308642	0.013259945	0.013438134	0.013621177	0.013809276
68	94.7	91.275	87.85	84.425	81	79.94	78.88	77.82	76.76	75.7		68	0.053	0.036166843	0.037523966	0.03898691	0.040568552	0.01308642	0.013259945	0.013438134	0.013621177	0.013809276
69	94.7	91.275	87.85	84.425	81	79.94	78.88	77.82	76.76	75.7		69	0.053	0.036166843	0.037523966	0.03898691	0.040568552	0.01308642	0.013259945	0.013438134	0.013621177	0.013809276
70	94.7	91.275	87.85	84.425	81	79.94	78.88	77.82	76.76	75.7		70	0.053	0.036166843	0.037523966	0.03898691	0.040568552	0.01308642	0.013259945	0.013438134	0.013621177	0.013809276
71	94.7	91.275	87.85	84.425	81	79.94	78.88	77.82	76.76	75.7		71	0.053	0.036166843	0.037523966	0.03898691	0.040568552	0.01308642	0.013259945	0.013438134	0.013621177	0.013809276
72	94.7	91.275	87.85	84.425	81	79.94	78.88	77.82	76.76	75.7		72	0.053	0.036166843	0.037523966	0.03898691	0.040568552	0.01308642	0.013259945	0.013438134	0.013621177	0.013809276
73	94.7	91.275	87.85	84.425	81	79.94	78.88	77.82	76.76	75.7		73	0.053	0.036166843	0.037523966	0.03898691	0.040568552	0.01308642	0.013259945	0.013438134	0.013621177	0.013809276
74	94.7	91.275	87.85	84.425	81	79.94	78.88	77.82	76.76	75.7		74	0.053	0.036166843	0.037523966	0.03898691	0.040568552	0.01308642	0.013259945	0.013438134	0.013621177	0.013809276
75	86.5	81.775	77.05	72.325	67.6	66.716	65.832	64.948	64.064	63.18		75	0.135	0.054624277	0.057780495	0.061323816	0.065330107	0.013076923	0.013250195	0.01342812	0.013610889	0.013798701
76	86.5	81.775	77.05	72.325	67.6	66.716	65.832	64.948	64.064	63.18		76	0.135	0.054624277	0.057780495	0.061323816	0.065330107	0.013076923	0.013250195	0.01342812	0.013610889	0.013798701
77	86.5	81.775	77.05	72.325	67.6	66.716	65.832	64.948	64.064	63.18		77	0.135	0.054624277	0.057780495	0.061323816	0.065330107	0.013076923	0.013250195	0.01342812	0.013610889	0.013798701
78	86.5	81.775	77.05	72.325	67.6	66.716	65.832	64.948	64.064	63.18		78	0.135	0.054624277	0.057780495	0.061323816	0.065330107	0.013076923	0.013250195	0.01342812	0.013610889	0.013798701
79	86.5	81.775	77.05	72.325	67.6	66.716	65.832	64.948	64.064	63.18		79	0.135	0.054624277	0.057780495	0.061323816	0.065330107	0.013076923	0.013250195	0.01342812	0.013610889	0.013798701
80	86.5	81.775	77.05	72.325	67.6	66.716	65.832	64.948	64.064	63.18		80	0.135	0.054624277	0.057780495	0.061323816	0.065330107	0.013076923	0.013250195	0.01342812	0.013610889	0.013798701
81	86.5	81.775	77.05	72.325	67.6	66.716	65.832	64.948	64.064	63.18		81	0.135	0.054624277	0.057780495	0.061323816	0.065330107	0.013076923	0.013250195	0.01342812	0.013610889	0.013798701
82	86.5	81.775	77.05	72.325	67.6	66.716	65.832	64.948	64.064	63.18		82	0.135	0.054624277	0.057780495	0.061323816	0.065330107	0.013076923	0.013250195	0.01342812	0.013610889	0.013798701
83	86.5	81.775	77.05	72.325	67.6	66.716	65.832	64.948	64.064	63.18		83	0.135	0.054624277	0.057780495	0.061323816	0.065330107	0.013076923	0.013250195	0.01342812	0.013610889	0.013798701
84	86.5	81.775	77.05	72.325	67.6	66.716	65.832	64.948	64.064	63.18		84	0.135	0.054624277	0.057780495	0.061323816	0.065330107	0.013076923	0.013250195	0.01342812	0.013610889	0.013798701
85	NA	NA	NA	NA	NA	NA	NA	NA	NA	NA		85	#VALUE!	#VALUE!	#VALUE!	#VALUE!	#VALUE!	#VALUE!	#VALUE!	#VALUE!	#VALUE!	#VALUE!
86	NA	NA	NA	NA	NA	NA	NA	NA	NA	NA		86	#VALUE!	#VALUE!	#VALUE!	#VALUE!	#VALUE!	#VALUE!	#VALUE!	#VALUE!	#VALUE!	#VALUE!
87	NA	NA	NA	NA	NA	NA	NA	NA	NA	NA		87	#VALUE!	#VALUE!	#VALUE!	#VALUE!	#VALUE!	#VALUE!	#VALUE!	#VALUE!	#VALUE!	#VALUE!
88	NA	NA	NA	NA	NA	NA	NA	NA	NA	NA		88	#VALUE!	#VALUE!	#VALUE!	#VALUE!	#VALUE!	#VALUE!	#VALUE!	#VALUE!	#VALUE!	#VALUE!
89	NA	NA	NA	NA	NA	NA	NA	NA	NA	NA		89	#VALUE!	#VALUE!	#VALUE!	#VALUE!	#VALUE!	#VALUE!	#VALUE!	#VALUE!	#VALUE!	#VALUE!
90	NA	NA	NA	NA	NA	NA	NA	NA	NA	NA		90	#VALUE!	#VALUE!	#VALUE!	#VALUE!	#VALUE!	#VALUE!	#VALUE!	#VALUE!	#VALUE!	#VALUE!
91	NA	NA	NA	NA	NA	NA	NA	NA	NA	NA		91	#VALUE!	#VALUE!	#VALUE!	#VALUE!	#VALUE!	#VALUE!	#VALUE!	#VALUE!	#VALUE!	#VALUE!
92	NA	NA	NA	NA	NA	NA	NA	NA	NA	NA		92	#VALUE!	#VALUE!	#VALUE!	#VALUE!	#VALUE!	#VALUE!	#VALUE!	#VALUE!	#VALUE!	#VALUE!
93	NA	NA	NA	NA	NA	NA	NA	NA	NA	NA		93	#VALUE!	#VALUE!	#VALUE!	#VALUE!	#VALUE!	#VALUE!	#VALUE!	#VALUE!	#VALUE!	#VALUE!
94	NA	NA	NA	NA	NA	NA	NA	NA	NA	NA		94	#VALUE!	#VALUE!	#VALUE!	#VALUE!	#VALUE!	#VALUE!	#VALUE!	#VALUE!	#VALUE!	#VALUE!
95	NA	NA	NA	NA	NA	NA	NA	NA	NA	NA		95	#VALUE!	#VALUE!	#VALUE!	#VALUE!	#VALUE!	#VALUE!	#VALUE!	#VALUE!	#VALUE!	#VALUE!
96	NA	NA	NA	NA	NA	NA	NA	NA	NA	NA		96	#VALUE!	#VALUE!	#VALUE!	#VALUE!	#VALUE!	#VALUE!	#VALUE!	#VALUE!	#VALUE!	#VALUE!
97	NA	NA	NA	NA	NA	NA	NA	NA	NA	NA		97	#VALUE!	#VALUE!	#VALUE!	#VALUE!	#VALUE!	#VALUE!	#VALUE!	#VALUE!	#VALUE!	#VALUE!
98	NA	NA	NA	NA	NA	NA	NA	NA	NA	NA		98	#VALUE!	#VALUE!	#VALUE!	#VALUE!	#VALUE!	#VALUE!	#VALUE!	#VALUE!	#VALUE!	#VALUE!
99	NA	NA	NA	NA	NA	NA	NA	NA	NA	NA		99	#VALUE!	#VALUE!	#VALUE!	#VALUE!	#VALUE!	#VALUE!	#VALUE!	#VALUE!	#VALUE!	#VALUE!
100	NA	NA	NA	NA	NA	NA	NA	NA	NA	NA		100	#VALUE!	#VALUE!	#VALUE!	#VALUE!	#VALUE!	#VALUE!	#VALUE!	#VALUE!	#VALUE!	#VALUE!
1	NA	NA	NA	NA	NA	NA	NA	NA	NA	NA		1	#VALUE!	#VALUE!	#VALUE!	#VALUE!	#VALUE!	#VALUE!	#VALUE!	#VALUE!	#VALUE!	#VALUE!
2	NA	NA	NA	NA	NA	NA	NA	NA	NA	NA		2	#VALUE!	#VALUE!	#VALUE!	#VALUE!	#VALUE!	#VALUE!	#VALUE!	#VALUE!	#VALUE!	#VALUE!
3	NA	NA	NA	NA	NA	NA	NA	NA	NA	NA		3	#VALUE!	#VALUE!	#VALUE!	#VALUE!	#VALUE!	#VALUE!	#VALUE!	#VALUE!	#VALUE!	#VALUE!
4	NA	NA	NA	NA	NA	NA	NA	NA	NA	NA		4	#VALUE!	#VALUE!	#VALUE!	#VALUE!	#VALUE!	#VALUE!	#VALUE!	#VALUE!	#VALUE!	#VALUE!
5	NA	NA	NA	NA	NA	NA	NA	NA	NA	NA		5	#VALUE!	#VALUE!	#VALUE!	#VALUE!	#VALUE!	#VALUE!	#VALUE!	#VALUE!	#VALUE!	#VALUE!
6	NA	NA	NA	NA	NA	NA	NA	NA	NA	NA		6	#VALUE!	#VALUE!	#VALUE!	#VALUE!	#VALUE!	#VALUE!	#VALUE!	#VALUE!	#VALUE!	#VALUE!
7	NA	NA	NA	NA	NA	NA	NA	NA	NA	NA		7	#VALUE!	#VALUE!	#VALUE!	#VALUE!	#VALUE!	#VALUE!	#VALUE!	#VALUE!	#VALUE!	#VALUE!
8	NA	NA	NA	NA	NA	NA	NA	NA	NA	NA		8	#VALUE!	#VALUE!	#VALUE!	#VALUE!	#VALUE!	#VALUE!	#VALUE!	#VALUE!	#VALUE!	#VALUE!
9	NA	NA	NA	NA	NA	NA	NA	NA	NA	NA		9	#VALUE!	#VALUE!	#VALUE!	#VALUE!	#VALUE!	#VALUE!	#VALUE!	#VALUE!	#VALUE!	#VALUE!
10	NA	NA	NA	NA	NA	NA	NA	NA	NA	NA		10	#VALUE!	#VALUE!	#VALUE!	#VALUE!	#VALUE!	#VALUE!	#VALUE!	#VALUE!	#VALUE!	#VALUE!
11	NA	NA	NA	NA	NA	NA	NA	NA	NA	NA		11	#VALUE!	#VALUE!	#VALUE!	#VALUE!	#VALUE!	#VALUE!	#VALUE!	#VALUE!	#VALUE!	#VALUE!
12	NA	NA	NA	NA	NA	NA	NA	NA	NA	NA		12	#VALUE!	#VALUE!	#VALUE!	#VALUE!	#VALUE!	#VALUE!	#VALUE!	#VALUE!	#VALUE!	#VALUE!
13	NA	NA	NA	NA	NA	NA	NA	NA	NA	NA		13	#VALUE!	#VALUE!	#VALUE!	#VALUE!	#VALUE!	#VALUE!	#VALUE!	#VALUE!	#VALUE!	#VALUE!
14	NA	NA	NA	NA	NA	NA	NA	NA	NA	NA		14	#VALUE!	#VALUE!	#VALUE!	#VALUE!	#VALUE!	#VALUE!	#VALUE!	#VALUE!	#VALUE!	#VALUE!
15	NA	NA	NA	NA	NA	NA	NA	NA	NA	NA		15	#VALUE!	#VALUE!	#VALUE!	#VALUE!	#VALUE!	#VALUE!	#VALUE!	#VALUE!	#VALUE!	#VALUE!
16	NA	NA	NA	NA	NA	NA	NA	NA	NA	NA		16	#VALUE!	#VALUE!	#VALUE!	#VALUE!	#VALUE!	#VALUE!	#VALUE!	#VALUE!	#VALUE!	#VALUE!
17	NA	NA	NA	NA	NA	NA	NA	NA	NA	NA		17	#VALUE!	#VALUE!	#VALUE!	#VALUE!	#VALUE!	#VALUE!	#VALUE!	#VALUE!	#VALUE!	#VALUE!
18	NA	NA	NA	NA	NA	NA	NA	NA	NA	NA		18	#VALUE!	#VALUE!	#VALUE!	#VALUE!	#VALUE!	#VALUE!	#VALUE!	#VALUE!	#VALUE!	#VALUE!
19	NA	NA	NA	NA	NA	NA	NA	NA	NA	NA		19	#VALUE!	#VALUE!	#VALUE!	#VALUE!	#VALUE!	#VALUE!	#VALUE!	#VALUE!	#VALUE!	#VALUE!
20	NA	NA	NA	NA	NA	NA	NA	NA	NA	NA		20	#VALUE!	#VALUE!	#VALUE!	#VALUE!	#VALUE!	#VALUE!	#VALUE!	#VALUE!	#VALUE!	#VALUE!
21	NA	NA	NA	NA	NA	NA	NA	NA	NA	NA		21	#VALUE!	#VALUE!	#VALUE!	#VALUE!	#VALUE!	#VALUE!	#VALUE!	#VALUE!	#VALUE!	#VALUE!
22	NA	NA	NA	NA	NA	NA	NA	NA	NA	NA		22	#VALUE!	#VALUE!	#VALUE!	#VALUE!	#VALUE!	#VALUE!	#VALUE!	#VALUE!	#VALUE!	#VALUE!
23	NA	NA	NA	NA	NA	NA	NA	NA	NA	NA		23	#VALUE!	#VALUE!	#VALUE!	#VALUE!	#VALUE!	#VALUE!	#VALUE!	#VALUE!	#VALUE!	#VALUE!
24	NA	NA	NA	NA	NA	NA	NA	NA	NA	NA		24	#VALUE!	#VALUE!	#VALUE!	#VALUE!	#VALUE!	#VALUE!	#VALUE!	#VALUE!	#VALUE!	#VALUE!
25	97.2	94.075	90.95	87.825	84.7	82.344	79.988	77.632	75.276	72.92		25	0.028	0.032150206	0.033218177	0.034359538	0.035582124	0.027815821	0.028611678	0.029454418	0.03034831	0.031298156
26	97.2	94.075	90.95	87.825	84.7	82.344	79.988	77.632	75.276	72.92		26	0.028	0.032150206	0.033218177	0.034359538	0.035582124	0.027815821	0.028611678	0.029454418	0.03034831	0.031298156
27	97.2	94.075	90.95	87.825	84.7	82.344	79.988	77.632	75.276	72.92		27	0.028	0.032150206	0.033218177	0.034359538	0.035582124	0.027815821	0.028611678	0.029454418	0.03034831	0.031298156
28	97.2	94.075	90.95	87.825	84.7	82.344	79.988	77.632	75.276	72.92		28	0.028	0.032150206	0.033218177	0.034359538	0.035582124	0.027815821	0.028611678	0.029454418	0.03034831	0.031298156
29	97.2	94.075	90.95	87.825	84.7	82.344	79.988	77.632	75.276	72.92		29	0.028	0.032150206	0.033218177	0.034359538	0.035582124	0.027815821	0.028611678	0.029454418	0.03034831	0.031298156
30	97.2	94.075	90.95	87.825	84.7	82.344	79.988	77.632	75.276	72.92		30	0.028	0.032150206	0.033218177	0.034359538	0.035582124	0.027815821	0.028611678	0.029454418	0.03034831	0.031298156
31	97.2	94.075	90.95	87.825	84.7	82.344	79.988	77.632	75.276	72.92		31	0.028	0.032150206	0.033218177	0.034359538	0.035582124	0.027815821	0.028611678	0.029454418	0.03034831	0.031298156
32	97.2	94.075	90.95	87.825	84.7	82.344	79.988	77.632	75.276	72.92		32	0.028	0.032150206	0.033218177	0.034359538	0.035582124	0.027815821	0.028611678	0.029454418	0.03034831	0.031298156
33	97.2	94.075	90.95	87.825	84.7	82.344	79.988	77.632	75.276	72.92		33	0.028	0.032150206	0.033218177	0.034359538	0.035582124	0.027815821	0.028611678	0.029454418	0.03034831	0.031298156
34	97.2	94.075	90.95	87.825	84.7	82.344	79.988	77.632	75.276	72.92		34	0.028	0.032150206	0.033218177	0.034359538	0.035582124	0.027815821	0.028611678	0.029454418	0.03034831	0.031298156
35	97.2	94.075	90.95	87.825	84.7	82.47	80.24	78.01	75.78	73.55		35	0.028	0.032150206	0.033218177	0.034359538	0.035582124	0.026328217	0.027040136	0.027791625	0.028586079	0.02942729
36	97.2	94.075	90.95	87.825	84.7	82.47	80.24	78.01	75.78	73.55		36	0.028	0.032150206	0.033218177	0.034359538	0.035582124	0.026328217	0.027040136	0.027791625	0.028586079	0.02942729
37	97.2	94.075	90.95	87.825	84.7	82.47	80.24	78.01	75.78	73.55		37	0.028	0.032150206	0.033218177	0.034359538	0.035582124	0.026328217	0.027040136	0.027791625	0.028586079	0.02942729
38	97.2	94.075	90.95	87.825	84.7	82.47	80.24	78.01	75.78	73.55		38	0.028	0.032150206	0.033218177	0.034359538	0.035582124	0.026328217	0.027040136	0.027791625	0.028586079	0.02942729
39	97.2	94.075	90.95	87.825	84.7	82.47	80.24	78.01	75.78	73.55		39	0.028	0.032150206	0.033218177	0.034359538	0.035582124	0.026328217	0.027040136	0.027791625	0.028586079	0.02942729
40	97.2	94.075	90.95	87.825	84.7	82.47	80.24	78.01	75.78	73.55		40	0.028	0.032150206	0.033218177	0.034359538	0.035582124	0.026328217	0.027040136	0.027791625	0.028586079	0.02942729
41	97.2	94.075	90.95	87.825	84.7	82.47	80.24	78.01	75.78	73.55		41	0.028	0.032150206	0.033218177	0.034359538	0.035582124	0.026328217	0.027040136	0.027791625	0.028586079	0.02942729
42	97.2	94.075	90.95	87.825	84.7	82.47	80.24	78.01	75.78	73.55		42	0.028	0.032150206	0.033218177	0.034359538	0.035582124	0.026328217	0.027040136	0.027791625	0.028586079	0.02942729
43	97.2	94.075	90.95	87.825	84.7	82.47	80.24	78.01	75.78	73.55		43	0.028	0.032150206	0.033218177	0.034359538	0.035582124	0.026328217	0.027040136	0.027791625	0.028586079	0.02942729
44	97.2	94.075	90.95	87.825	84.7	82.47	80.24	78.01	75.78	73.55		44	0.028	0.032150206	0.033218177	0.034359538	0.035582124	0.026328217	0.027040136	0.027791625	0.028586079	0.02942729
45	97.9	94.6	91.3	88	84.7	82.594	80.488	78.382	76.276	74.17		45	0.021	0.033707865	0.034883721	0.036144578	0.0375	0.024864227	0.02549822	0.026165391	0.026868414	0.027610257
46	97.9	94.6	91.3	88	84.7	82.594	80.488	78.382	76.276	74.17		46	0.021	0.033707865	0.034883721	0.036144578	0.0375	0.024864227	0.02549822	0.026165391	0.026868414	0.027610257
47	97.9	94.6	91.3	88	84.7	82.594	80.488	78.382	76.276	74.17		47	0.021	0.033707865	0.034883721	0.036144578	0.0375	0.024864227	0.02549822	0.026165391	0.026868414	0.027610257
48	97.9	94.6	91.3	88	84.7	82.594	80.488	78.382	76.276	74.17		48	0.021	0.033707865	0.034883721	0.036144578	0.0375	0.024864227	0.02549822	0.026165391	0.026868414	0.027610257
49	97.9	94.6	91.3	88	84.7	82.594	80.488	78.382	76.276	74.17		49	0.021	0.033707865	0.034883721	0.036144578	0.0375	0.024864227	0.02549822	0.026165391	0.026868414	0.027610257
50	97.9	94.6	91.3	88	84.7	82.594	80.488	78.382	76.276	74.17		50	0.021	0.033707865	0.034883721	0.036144578	0.0375	0.024864227	0.02549822	0.026165391	0.026868414	0.027610257
51	97.9	94.6	91.3	88	84.7	82.594	80.488	78.382	76.276	74.17		51	0.021	0.033707865	0.034883721	0.036144578	0.0375	0.024864227	0.02549822	0.026165391	0.026868414	0.027610257
52	97.9	94.6	91.3	88	84.7	82.594	80.488	78.382	76.276	74.17		52	0.021	0.033707865	0.034883721	0.036144578	0.0375	0.024864227	0.02549822	0.026165391	0.026868414	0.027610257
53	97.9	94.6	91.3	88	84.7	82.594	80.488	78.382	76.276	74.17		53	0.021	0.033707865	0.034883721	0.036144578	0.0375	0.024864227	0.02549822	0.026165391	0.026868414	0.027610257
54	97.9	94.6	91.3	88	84.7	82.594	80.488	78.382	76.276	74.17		54	0.021	0.033707865	0.034883721	0.036144578	0.0375	0.024864227	0.02549822	0.026165391	0.026868414	0.027610257
55	98	94.675	91.35	88.025	84.7	82.844	80.988	79.132	77.276	75.42		55	0.02	0.033928571	0.035120148	0.036398467	0.03777336	0.021912633	0.022403554	0.022916975	0.023454481	0.024017806
56	98	94.675	91.35	88.025	84.7	82.844	80.988	79.132	77.276	75.42		56	0.02	0.033928571	0.035120148	0.036398467	0.03777336	0.021912633	0.022403554	0.022916975	0.023454481	0.024017806
57	98	94.675	91.35	88.025	84.7	82.844	80.988	79.132	77.276	75.42		57	0.02	0.033928571	0.035120148	0.036398467	0.03777336	0.021912633	0.022403554	0.022916975	0.023454481	0.024017806
58	98	94.675	91.35	88.025	84.7	82.844	80.988	79.132	77.276	75.42		58	0.02	0.033928571	0.035120148	0.036398467	0.03777336	0.021912633	0.022403554	0.022916975	0.023454481	0.024017806
59	98	94.675	91.35	88.025	84.7	82.844	80.988	79.132	77.276	75.42		59	0.02	0.033928571	0.035120148	0.036398467	0.03777336	0.021912633	0.022403554	0.022916975	0.023454481	0.024017806
60	98	94.675	91.35	88.025	84.7	82.844	80.988	79.132	77.276	75.42		60	0.02	0.033928571	0.035120148	0.036398467	0.03777336	0.021912633	0.022403554	0.022916975	0.023454481	0.024017806
61	98	94.675	91.35	88.025	84.7	82.844	80.988	79.132	77.276	75.42		61	0.02	0.033928571	0.035120148	0.036398467	0.03777336	0.021912633	0.022403554	0.022916975	0.023454481	0.024017806
62	98	94.675	91.35	88.025	84.7	82.844	80.988	79.132	77.276	75.42		62	0.02	0.033928571	0.035120148	0.036398467	0.03777336	0.021912633	0.022403554	0.022916975	0.023454481	0.024017806
63	98	94.675	91.35	88.025	84.7	82.844	80.988	79.132	77.276	75.42		63	0.02	0.033928571	0.035120148	0.036398467	0.03777336	0.021912633	0.022403554	0.022916975	0.023454481	0.024017806
64	98	94.675	91.35	88.025	84.7	82.844	80.988	79.132	77.276	75.42		64	0.02	0.033928571	0.035120148	0.036398467	0.03777336	0.021912633	0.022403554	0.022916975	0.023454481	0.024017806
65	96.5	94.275	92.05	89.825	87.6	84.062	80.524	76.986	73.448	69.91		65	0.035	0.023056995	0.023601167	0.024171646	0.024770387	0.040388128	0.042087983	0.043937211	0.045956408	0.048170134
66	96.5	94.275	92.05	89.825	87.6	84.062	80.524	76.986	73.448	69.91		66	0.035	0.023056995	0.023601167	0.024171646	0.024770387	0.040388128	0.042087983	0.043937211	0.045956408	0.048170134
67	96.5	94.275	92.05	89.825	87.6	84.062	80.524	76.986	73.448	69.91		67	0.035	0.023056995	0.023601167	0.024171646	0.024770387	0.040388128	0.042087983	0.043937211	0.045956408	0.048170134
68	96.5	94.275	92.05	89.825	87.6	84.062	80.524	76.986	73.448	69.91		68	0.035	0.023056995	0.023601167	0.024171646	0.024770387	0.040388128	0.042087983	0.043937211	0.045956408	0.048170134
69	96.5	94.275	92.05	89.825	87.6	84.062	80.524	76.986	73.448	69.91		69	0.035	0.023056995	0.023601167	0.024171646	0.024770387	0.040388128	0.042087983	0.043937211	0.045956408	0.048170134
70	96.5	94.275	92.05	89.825	87.6	84.062	80.524	76.986	73.448	69.91		70	0.035	0.023056995	0.023601167	0.024171646	0.024770387	0.040388128	0.042087983	0.043937211	0.045956408	0.048170134
71	96.5	94.275	92.05	89.825	87.6	84.062	80.524	76.986	73.448	69.91		71	0.035	0.023056995	0.023601167	0.024171646	0.024770387	0.040388128	0.042087983	0.043937211	0.045956408	0.048170134
72	96.5	94.275	92.05	89.825	87.6	84.062	80.524	76.986	73.448	69.91		72	0.035	0.023056995	0.023601167	0.024171646	0.024770387	0.040388128	0.042087983	0.043937211	0.045956408	0.048170134
73	96.5	94.275	92.05	89.825	87.6	84.062	80.524	76.986	73.448	69.91		73	0.035	0.023056995	0.023601167	0.024171646	0.024770387	0.040388128	0.042087983	0.043937211	0.045956408	0.048170134
74	96.5	94.275	92.05	89.825	87.6	84.062	80.524	76.986	73.448	69.91		74	0.035	0.023056995	0.023601167	0.024171646	0.024770387	0.040388128	0.042087983	0.043937211	0.045956408	0.048170134
75	92.7	89.825	86.95	84.075	81.2	76.962	72.724	68.486	64.248	60.01		75	0.073	0.031014024	0.03200668	0.03306498	0.034195659	0.052192118	0.055066137	0.058275122	0.06188126	0.065963143
76	92.7	89.825	86.95	84.075	81.2	76.962	72.724	68.486	64.248	60.01		76	0.073	0.031014024	0.03200668	0.03306498	0.034195659	0.052192118	0.055066137	0.058275122	0.06188126	0.065963143
77	92.7	89.825	86.95	84.075	81.2	76.962	72.724	68.486	64.248	60.01		77	0.073	0.031014024	0.03200668	0.03306498	0.034195659	0.052192118	0.055066137	0.058275122	0.06188126	0.065963143
78	92.7	89.825	86.95	84.075	81.2	76.962	72.724	68.486	64.248	60.01		78	0.073	0.031014024	0.03200668	0.03306498	0.034195659	0.052192118	0.055066137	0.058275122	0.06188126	0.065963143
79	92.7	89.825	86.95	84.075	81.2	76.962	72.724	68.486	64.248	60.01		79	0.073	0.031014024	0.03200668	0.03306498	0.034195659	0.052192118	0.055066137	0.058275122	0.06188126	0.065963143
80	92.7	89.825	86.95	84.075	81.2	76.962	72.724	68.486	64.248	60.01		80	0.073	0.031014024	0.03200668	0.03306498	0.034195659	0.052192118	0.055066137	0.058275122	0.06188126	0.065963143
81	92.7	89.825	86.95	84.075	81.2	76.962	72.724	68.486	64.248	60.01		81	0.073	0.031014024	0.03200668	0.03306498	0.034195659	0.052192118	0.055066137	0.058275122	0.06188126	0.065963143
82	92.7	89.825	86.95	84.075	81.2	76.962	72.724	68.486	64.248	60.01		82	0.073	0.031014024	0.03200668	0.03306498	0.034195659	0.052192118	0.055066137	0.058275122	0.06188126	0.065963143
83	92.7	89.825	86.95	84.075	81.2	76.962	72.724	68.486	64.248	60.01		83	0.073	0.031014024	0.03200668	0.03306498	0.034195659	0.052192118	0.055066137	0.058275122	0.06188126	0.065963143
84	92.7	89.825	86.95	84.075	81.2	76.962	72.724	68.486	64.248	60.01		84	0.073	0.031014024	0.03200668	0.03306498	0.034195659	0.052192118	0.055066137	0.058275122	0.06188126	0.065963143
85	NA	NA	NA	NA	NA	NA	NA	NA	NA	NA		85	#VALUE!	#VALUE!	#VALUE!	#VALUE!	#VALUE!	#VALUE!	#VALUE!	#VALUE!	#VALUE!	#VALUE!
86	NA	NA	NA	NA	NA	NA	NA	NA	NA	NA		86	#VALUE!	#VALUE!	#VALUE!	#VALUE!	#VALUE!	#VALUE!	#VALUE!	#VALUE!	#VALUE!	#VALUE!
87	NA	NA	NA	NA	NA	NA	NA	NA	NA	NA		87	#VALUE!	#VALUE!	#VALUE!	#VALUE!	#VALUE!	#VALUE!	#VALUE!	#VALUE!	#VALUE!	#VALUE!
88	NA	NA	NA	NA	NA	NA	NA	NA	NA	NA		88	#VALUE!	#VALUE!	#VALUE!	#VALUE!	#VALUE!	#VALUE!	#VALUE!	#VALUE!	#VALUE!	#VALUE!
89	NA	NA	NA	NA	NA	NA	NA	NA	NA	NA		89	#VALUE!	#VALUE!	#VALUE!	#VALUE!	#VALUE!	#VALUE!	#VALUE!	#VALUE!	#VALUE!	#VALUE!
90	NA	NA	NA	NA	NA	NA	NA	NA	NA	NA		90	#VALUE!	#VALUE!	#VALUE!	#VALUE!	#VALUE!	#VALUE!	#VALUE!	#VALUE!	#VALUE!	#VALUE!
91	NA	NA	NA	NA	NA	NA	NA	NA	NA	NA		91	#VALUE!	#VALUE!	#VALUE!	#VALUE!	#VALUE!	#VALUE!	#VALUE!	#VALUE!	#VALUE!	#VALUE!
92	NA	NA	NA	NA	NA	NA	NA	NA	NA	NA		92	#VALUE!	#VALUE!	#VALUE!	#VALUE!	#VALUE!	#VALUE!	#VALUE!	#VALUE!	#VALUE!	#VALUE!
93	NA	NA	NA	NA	NA	NA	NA	NA	NA	NA		93	#VALUE!	#VALUE!	#VALUE!	#VALUE!	#VALUE!	#VALUE!	#VALUE!	#VALUE!	#VALUE!	#VALUE!
94	NA	NA	NA	NA	NA	NA	NA	NA	NA	NA		94	#VALUE!	#VALUE!	#VALUE!	#VALUE!	#VALUE!	#VALUE!	#VALUE!	#VALUE!	#VALUE!	#VALUE!
95	NA	NA	NA	NA	NA	NA	NA	NA	NA	NA		95	#VALUE!	#VALUE!	#VALUE!	#VALUE!	#VALUE!	#VALUE!	#VALUE!	#VALUE!	#VALUE!	#VALUE!
96	NA	NA	NA	NA	NA	NA	NA	NA	NA	NA		96	#VALUE!	#VALUE!	#VALUE!	#VALUE!	#VALUE!	#VALUE!	#VALUE!	#VALUE!	#VALUE!	#VALUE!
97	NA	NA	NA	NA	NA	NA	NA	NA	NA	NA		97	#VALUE!	#VALUE!	#VALUE!	#VALUE!	#VALUE!	#VALUE!	#VALUE!	#VALUE!	#VALUE!	#VALUE!
98	NA	NA	NA	NA	NA	NA	NA	NA	NA	NA		98	#VALUE!	#VALUE!	#VALUE!	#VALUE!	#VALUE!	#VALUE!	#VALUE!	#VALUE!	#VALUE!	#VALUE!
99	NA	NA	NA	NA	NA	NA	NA	NA	NA	NA		99	#VALUE!	#VALUE!	#VALUE!	#VALUE!	#VALUE!	#VALUE!	#VALUE!	#VALUE!	#VALUE!	#VALUE!
100	NA	NA	NA	NA	NA	NA	NA	NA	NA	NA		100	#VALUE!	#VALUE!	#VALUE!	#VALUE!	#VALUE!	#VALUE!	#VALUE!	#VALUE!	#VALUE!	#VALUE!
