0.000211
0.000113
9.30E-05
6.10E-05
7.90E-05
6.90E-05
5.10E-05
5.30E-05
5.60E-05
6.50E-05
5.60E-05
5.40E-05
8.80E-05
9.40E-05
0.000102
0.000129
0.000157
0.000205
0.000202
0.000177
0.000195
0.000232
0.0002
0.000215
0.000251
0.000253
0.00029
0.000299
0.000318
0.000373999
0.000365999
0.000436999
0.000471999
0.000548999
0.000559997
0.000624997
0.000723996
0.000756996
0.000790996
0.000848993
0.000942992
0.001057992
0.001148991
0.00129999
0.001416972
0.001531969
0.001666967
0.001893962
0.00198796
0.002154931
0.002378924
0.00250592
0.002681914
0.002835909
0.00315782
0.0035168
0.003782784
0.00420976
0.004481745
0.005042511
0.005423474
0.006234395
0.006626357
0.007090312
0.00780065
0.008458536
0.009195409
0.010335212
0.0109791
0.012441802
0.013205605
0.014988147
0.016771689
0.019075096
0.020988866
0.023663702
0.027179172
0.030472739
0.034867826
0.038690897
0.043792324
0.049129585
0.055984783
0.063793313
0.072534994
0.083072098
0.09444234
0.106503868
0.119889027
0.134541868
0.151518769
0.169362542
0.187973317
0.205647311
0.227878373
0.251404748
0.276768732
0.298107955
0.318927854
0.34836953
1
0.000231
0.000128
9.90E-05
9.00E-05
7.70E-05
8.10E-05
6.80E-05
6.50E-05
6.20E-05
7.30E-05
7.40E-05
0.000102
0.000116
0.000124
0.000169
0.00019
0.000284
0.000373
0.000415
0.000524
0.000473
0.000463
0.000478
0.000514
0.000539999
0.000566999
0.000584999
0.000628999
0.000656999
0.000729999
0.000777998
0.000774998
0.000887998
0.000916998
0.000989993
0.001042993
0.001256991
0.001229991
0.00135899
0.001485972
0.00157597
0.001717967
0.001877964
0.002073961
0.002306908
0.002439902
0.002637894
0.002835887
0.003144874
0.00342375
0.003690731
0.003919714
0.004276688
0.004578666
0.004887345
0.005425273
0.005881212
0.006522126
0.007034057
0.007696152
0.008351995
0.009325761
0.010184555
0.010949372
0.012207384
0.013470906
0.014444538
0.016031938
0.017602344
0.018759137
0.020312155
0.022140998
0.025324984
0.027931336
0.031437051
0.034966352
0.039247864
0.044193681
0.049053587
0.054938438
0.060928346
0.067879634
0.075818259
0.085703604
0.096032335
0.108851539
0.121319696
0.1361285
0.152828171
0.161423052
0.180887335
0.197877243
0.221547165
0.243246752
0.268596141
0.291378516
0.313003394
0.333943933
0.373992143
0.395826207
1
