Name	Mean	Distribution	Param1	Param2	Param3
P.onset	0.0000098400	7	0.0000098400000	0.0000009520000	0.0000100000000
P.onset_low.risk	0.6520000000	7	0.6520000000000	0.0459000000000	0.6000000000000
RR.manufacture	1.9900000000	3	0.6881346387364	0.2507383667216	1.9900000000000
RR.past_smoke	2.1744970000	3	0.7767973734271	0.3838494060636	2.1744970000000
RR.current_smoke	5.9977460000	3	1.7913837319810	0.1199059173939	5.9977460000000
RR.All.Death.past_smoke	1.2000000000	3	0.1823215567940	0.0255319636857	1.2000000000000
RR.All.Death.current_smoke	2.7600000000	3	1.0152306797291	0.0092440087522	2.7600000000000
P.quit.smoke	0.0167000000	7	0.0167000000000	0.0004052371343	0.0167000000000
P.onset_age	1.1100000000	5	1.1100000000000	0.0071500000000	1.1200000000000
RR.onset_sex	3.7500000000	5	3.7500000000000	0.8660000000000	3.2500000000000
P.sympt.diag_LGBC	0.2340000000	7	0.2340000000000	0.0663000000000	0.2370499650000
P.sympt.diag_t_HGBC	0.1210000000	7	0.1210000000000	0.0075300000000	0.1211288600000
P.sympt.diag_HGBC	0.2270000000	7	0.2270000000000	0.0025000000000	0.2285469510000
P.sympt.diag_Age_HGBC	0.8760000000	5	0.8760000000000	0.0922000000000	0.9700000000000
C.age.80.undiag.mort	0.0550000000	4	0.0100000000000	0.1000000000000	0.0550000000000
Mean.t.StI.StII	3.0000000000	6	3.0000000000000	3.0000000000000	3.0000000000000
Mean.t.StII.StIII	2.0000000000	6	2.0000000000000	2.0000000000000	2.0000000000000
Mean.t.StIII.StIV	1.0000000000	6	1.0000000000000	1.0000000000000	1.0000000000000
RR.All.Death.no_smoke	0.7547219000	5	0.7547219000000	0.0013606011795	0.7547219000000
shape.t.StI.StII	0.6620000000	7	0.6620000000000	0.0558000000000	0.7225001590000
shape.t.StII.StIII	0.7660000000	7	0.7660000000000	0.1220000000000	0.6677821480000
shape.t.StIII.StIV	0.4230000000	7	0.4230000000000	0.0884000000000	0.4711658560000
P.LGtoHGBC	0.0044000000	7	0.0044000000000	0.0007330000000	0.0045000000000
P.Recurrence.LR	0.2850000000	5	0.2850000000000	0.0168370440785	0.2850000000000
P.sympt.diag_Age_LGBC	0.9120000000	5	0.9120000000000	0.0721000000000	0.9700000000000
DT.UPTK.CONS	0.7095758540	5	0.7095758539771	0.0447605294396	0.7095758539771
DT.UPTK.50	-0.3646875260	5	-0.3646875259839	0.0006095801725	-0.3646875259839
DT.UPTK.55	-0.2515641128	5	-0.2515641127937	0.0001830346795	-0.2515641127937
DT.UPTK.65	-0.1165338163	5	-0.1165338162560	0.0057329767356	-0.1165338162560
DT.UPTK.70	-0.2357223335	5	-0.2357223335211	0.0064587431667	-0.2357223335211
DT.UPTK.F	0.1397619424	5	0.1397619423752	0.0044367505855	0.1397619423752
DT.UPTK.NRESP	-1.8325814637	5	-1.8325814637483	0.0080481983301	-1.8325814637483
DT.UPTK.INC	1.8794650496	5	1.8794650496472	0.0035350227787	1.8794650496472
DT.UPTK.IMD2	-0.0725706928	5	-0.0725706928348	0.0082744570842	-0.0725706928348
DT.UPTK.IMD3	-0.1508228897	5	-0.1508228897346	0.0088485192232	-0.1508228897346
DT.UPTK.IMD4	-0.2876820725	5	-0.2876820724518	0.0102741426515	-0.2876820724518
DT.UPTK.IMD5	-0.5978370008	5	-0.5978370007556	0.0046809887357	-0.5978370007556
DT.UPTK.ASIAN	-0.9405723042	5	-0.9405723042457	0.0525589487163	-0.9405723042457
Diag.UPTK	1.0000000000	6	1.0000000000000	0.0000000000000	1.0000000000000
Sens.dipstick.LG	0.2300000000	1	13.0000000000000	43.5217391304348	0.2300000000000
Sens.dipstick.St1	0.5000000000	1	22.0000000000000	22.0000000000000	0.5000000000000
Sens.dipstick.St2.4	0.8800000000	1	8.0000000000000	1.0909090909091	0.8800000000000
Spec.dipstick	0.8200000000	1	264.0400000000000	57.9600000000000	0.8200000000000
Sens.cystoscopy.HG	0.9800000000	1	763.0000000000000	15.0000000000000	0.9800000000000
Spec.cystoscopy	0.9400000000	1	716.0000000000000	42.9600000000000	0.9400000000000
Sens.cystoscopy.LG	0.9800000000	1	763.0000000000000	15.0000000000000	0.9800000000000
Mort.TURBT	0.0080000000	5	0.0080000000000	0.0025510672846	0.0080000000000
Utility.age	0.0043200000	5	0.0043200000000	0.0001428597679	0.0043200000000
Disutility.HG.St1.3	-0.0800000000	5	-0.0800000000000	0.0433681438386	-0.0800000000000
Disutility.HG.St4	-0.1800000000	5	-0.1800000000000	0.0612256148310	-0.1800000000000
Disutility.LG	0.0000000000	6	0.0000000000000	0.0000000000000	0.0000000000000
Cost.diag.sympt	610.5800000000	2	100.0000000000000	6.1058000000000	610.5800000000000
Cost.diag.screen	584.8900000000	2	100.0000000000000	5.8489000000000	584.8900000000000
Cost.treat.intercept	2348.8000000000	2	100.0000000000000	23.4880000000000	2348.8000000000000
Cost.treat.past.smoke	-57.2000000000	5	-57.2000000000000	5.7200000000000	-57.2000000000000
Cost.treat.current.smoke	-242.0000000000	5	-242.0000000000000	24.2000000000000	-242.0000000000000
Cost.treat.Y2	-921.4000000000	5	-921.4000000000000	92.1400000000000	-921.4000000000000
Cost.treat.Y3	-1514.0000000000	5	-1514.0000000000000	151.4000000000000	-1514.0000000000000
Cost.treat.stage1	1446.8000000000	5	1446.8000000000000	144.6800000000000	1446.8000000000000
Cost.treat.stage2	1676.1000000000	5	1676.1000000000000	167.6100000000000	1676.1000000000000
Cost.treat.stage3	3956.7000000000	5	3956.7000000000000	395.6700000000000	3956.7000000000000
Cost.treat.stage4	5406.9000000000	5	5406.9000000000000	540.6900000000000	5406.9000000000000
Cost.treat.LG	1217.4000000000	5	1217.4000000000000	121.7400000000000	1217.4000000000000
Cost.surv.Y4.5	401.0000000000	2	100.0000000000000	4.0100000000000	401.0000000000000
Cost.dipstick.invite	8.5700000000	2	100.0000000000000	0.0857000000000	8.5700000000000
Cost.ad.dipstick	1.3000000000	2	100.0000000000000	0.0130000000000	1.3000000000000
Cost.dipstick.positive	11.8000000000	2	100.0000000000000	0.1180000000000	11.8000000000000
Cost.dipstick	3.8600000000	2	100.0000000000000	0.0386000000000	3.8600000000000
					
					
