Age_lb	inc1.male	inc2.male	inc3.male	inc4.male	incidence.rate.male	LG.male	BC.death.male	inc1.fem	inc2.fem	inc3.fem	inc4.fem	incidence.rate.fem	LG.fem	BC.death.female
30	 20.37 	 4.98 	 9.89 	 13.76 	 49.00 	0	5	 14.96 	 3.66 	 7.27 	 10.11 	36	0	2
35	 39.07 	 9.55 	 18.98 	 26.40 	94	0	10	 25.35 	 6.20 	 12.32 	 17.13 	61	0	7
40	 85.20 	 20.83 	 41.40 	 57.57 	205	0	23	 42.39 	 10.37 	 20.60 	 28.64 	102	0	7
45	 165.83 	 40.55 	 80.57 	 112.05 	399	0	70	 75.23 	 18.39 	 36.55 	 50.83 	181	0	25
50	 255.19 	 62.39 	 123.99 	 172.43 	614	0	122	 125.10 	 30.59 	 60.78 	 84.53 	301	0	43
55	 317.95 	 77.74 	 154.48 	 214.83 	765	0	190	 164.17 	 40.14 	 79.76 	 110.93 	395	0	76
60	 394.01 	 96.33 	 191.43 	 266.22 	948	0	269	 199.92 	 48.88 	 97.13 	 135.08 	481	0	116
65	 542.69 	 119.93 	 254.60 	 337.79 	1255	0	348	 283.67 	 62.69 	 133.08 	 176.56 	656	0	179
70	 579.01 	 127.95 	 271.64 	 360.40 	1339	0	461	 313.07 	 69.19 	 146.87 	 194.87 	724	0	246
75	 409.28 	 131.32 	 221.07 	 347.32 	1109	0	457	 249.48 	 80.05 	 134.76 	 211.71 	676	0	275
80	 314.07 	 100.77 	 169.64 	 266.52 	851	0	444	 220.70 	 70.81 	 119.21 	 187.28 	598	0	302
85	 136.04 	 73.93 	 95.01 	 184.01 	489	0	344	 114.90 	 62.44 	 80.24 	 155.41 	413	0	285
90	 60.37 	 32.81 	 42.16 	 81.66 	217	0	188	 58.42 	 31.75 	 40.80 	 79.02 	210	0	199
														
														
														
														
														
														
														
														
														
														
														
														
														
														
														
