0.000211
0.000113
9.29998E-05
6.09999E-05
7.89999E-05
6.89999E-05
5.09999E-05
5.29999E-05
5.59999E-05
6.49999E-05
5.59999E-05
5.39999E-05
8.79999E-05
9.39999E-05
0.000102
0.000129
0.000157
0.000205
0.000202
0.000177
0.000195
0.000232
0.0002
0.000215
0.000251
0.000253
0.00029
0.000299
0.000318
0.000374
0.000366
0.000437
0.000472
0.000548999
0.000559998
0.000624998
0.000723998
0.000756998
0.000790998
0.000848997
0.000942997
0.001057997
0.001148997
0.001299996
0.001416984
0.001531983
0.001666982
0.001893979
0.001987978
0.002154961
0.002378957
0.002505955
0.002681952
0.002835949
0.003157889
0.003516877
0.003782868
0.004209853
0.004481843
0.005042687
0.005423664
0.006234613
0.006626589
0.00709056
0.007801204
0.008459137
0.009196062
0.010335946
0.01097988
0.012443183
0.013207071
0.014989811
0.016773551
0.019077214
0.020993233
0.023668626
0.027184828
0.03047908
0.034875082
0.03870561
0.043808977
0.049148268
0.056006072
0.063817572
0.072576817
0.083119997
0.094496795
0.106565277
0.119958154
0.134650854
0.151641507
0.169499735
0.188125585
0.205813896
0.228062966
0.2516084
0.27699293
0.298349438
0.319186203
0.348651728
1
0.000231
0.000128
9.89999E-05
8.99999E-05
7.69999E-05
8.09999E-05
6.79999E-05
6.49999E-05
6.19999E-05
7.29999E-05
7.39999E-05
0.000102
0.000116
0.000124
0.000169
0.00019
0.000284
0.000373
0.000415
0.000524
0.000473
0.000463
0.000478
0.000514
0.000539999
0.000566999
0.000584999
0.000628999
0.000656999
0.000729999
0.000777998
0.000774998
0.000887998
0.000916998
0.000989995
0.001042995
0.001256994
0.001229994
0.001358993
0.001485982
0.001575981
0.001717979
0.001877977
0.002073975
0.002306928
0.002439924
0.002637918
0.002835912
0.003144903
0.003423819
0.003690804
0.003919792
0.004276773
0.004578757
0.00488756
0.005425512
0.005881471
0.006522413
0.007034367
0.007696845
0.008352747
0.009326601
0.010185472
0.010950357
0.012209423
0.013473157
0.014446951
0.016034616
0.017605285
0.018765387
0.020318923
0.022148376
0.025333423
0.027940643
0.031456122
0.034987564
0.039271674
0.04422049
0.049083345
0.054997596
0.060993954
0.067952728
0.075899901
0.08579589
0.096210766
0.109053788
0.121545112
0.136381431
0.15311213
0.16188668
0.181406867
0.198445572
0.222183477
0.243945388
0.269367584
0.292215393
0.31390238
0.334903064
0.375066297
0.396963071
1
